bu_code	pop	p	se.p
BU00340101	1356	0.566	0.0216
BU00340102	2137	0.58	0.0188
BU00340103	1827	0.571	0.0209
BU00340104	1796	0.554	0.0225
BU00340105	1797	0.579	0.0182
BU00340106	2191	0.567	0.0214
BU00340107	2135	0.55	0.0239
BU00340108	2743	0.578	0.0213
BU00340109	1191	0.495	0.0364
BU00340110	347	0.483	0.0169
BU00340171	28	0.543	0.0325
BU00340173	NA	NA	NA
BU00340199	NA	NA	NA
BU00340201	3575	0.52	0.0169
BU00340202	7976	0.535	0.0191
BU00340203	4160	0.551	0.0221
BU00340204	4315	0.541	0.0235
BU00340205	2669	0.539	0.0196
BU00340206	5977	0.559	0.0177
BU00340207	4452	0.534	0.0158
BU00340208	7286	0.539	0.0188
BU00340209	1806	0.561	0.0196
BU00340210	6164	0.561	0.0185
BU00340211	7681	0.576	0.0154
BU00340212	8599	0.532	0.018
BU00340213	5211	0.542	0.0232
BU00340214	7022	0.533	0.0221
BU00340215	4781	0.502	0.016
BU00340271	NA	NA	NA
BU00340272	10	0.493	0.0282
BU00340273	NA	NA	NA
BU00340274	NA	NA	NA
BU00340275	NA	NA	NA
BU00340276	NA	NA	NA
BU00340299	12	0.386	0.0162
BU00340301	1392	0.544	0.024
BU00340302	4124	0.533	0.0253
BU00340303	3684	0.518	0.0249
BU00340304	3022	0.566	0.0271
BU00340305	3412	0.557	0.0212
BU00340306	3103	0.53	0.0211
BU00340307	3330	0.528	0.026
BU00340308	4090	0.551	0.026
BU00340309	3885	0.532	0.025
BU00340310	1174	0.512	0.0241
BU00340311	4171	0.527	0.0265
BU00340312	4579	0.519	0.0279
BU00340313	740	0.534	0.028
BU00340371	41	0.518	0.0288
BU00340372	78	0.574	0.0274
BU00340373	170	0.493	0.0249
BU00340399	38	0.475	0.019
BU00340401	2141	0.466	0.0295
BU00340402	1659	0.493	0.028
BU00340403	3916	0.458	0.0291
BU00340404	NA	NA	NA
BU00340405	342	0.472	0.0227
BU00340471	NA	NA	NA
BU00340472	NA	NA	NA
BU00340473	NA	NA	NA
BU00340499	NA	NA	NA
BU00340502	969	0.515	0.052
BU00340503	398	0.442	0.0325
BU00340571	NA	NA	NA
BU00340599	216	0.503	0.0189
BU00340699	NA	NA	NA
BU00500000	1390	0.512	0.0269
BU00500001	2757	0.505	0.0189
BU00500002	3923	0.497	0.0176
BU00500003	4588	0.479	0.0187
BU00500004	1982	0.444	0.0214
BU00500005	NA	NA	NA
BU00500006	1381	0.389	0.0183
BU00500007	452	0.429	0.0215
BU00500008	159	0.447	0.0238
BU00500009	66	0.484	0.0238
BU00500010	NA	NA	NA
BU02035400	1392	0.445	0.0116
BU02035401	1432	0.482	0.0165
BU02035402	626	0.497	0.0229
BU02035403	795	0.49	0.0193
BU02035404	1634	0.529	0.0184
BU02035405	1075	0.48	0.024
BU02035406	582	0.462	0.017
BU02035407	1078	0.489	0.0212
BU02035408	3119	0.52	0.0183
BU02035409	1245	0.499	0.0192
BU02035410	1778	0.552	0.0155
BU02035411	1963	0.481	0.0227
BU02035412	2577	0.479	0.0325
BU02035413	24	0.523	0.0155
BU02035414	2475	0.463	0.0168
BU02035415	1744	0.401	0.0143
BU02035425	14	0.446	0.0267
BU02035426	37	0.446	0.0271
BU02035530	1483	0.478	0.0141
BU02035531	459	0.537	0.0216
BU02035532	517	0.545	0.023
BU02035533	325	0.503	0.0195
BU02035534	250	0.509	0.0243
BU02035535	1113	0.522	0.0216
BU02035536	309	0.513	0.0204
BU02035537	607	0.478	0.0208
BU02035538	910	0.517	0.0212
BU02035539	1065	0.484	0.0252
BU02035540	432	0.476	0.0232
BU02035541	391	0.43	0.0245
BU02035650	2105	0.465	0.0189
BU02035651	1124	0.495	0.0402
BU02035652	266	0.417	0.0409
BU02035780	643	0.503	0.0195
BU02035781	1011	0.524	0.0299
BU02035875	575	0.467	0.0138
BU02035876	379	0.508	0.0259
BU02035877	160	0.495	0.0354
BU02035960	614	0.468	0.022
BU02035961	511	0.474	0.0515
BU02036070	328	0.454	0.0154
BU02036071	593	0.484	0.0484
BU02036190	202	0.447	0.0167
BU02036191	165	0.484	0.0394
BU02036395	98	0.455	0.0151
BU02090101	39	0.488	0.0187
BU02090131	NA	NA	NA
BU02090147	NA	NA	NA
BU02090202	103	0.521	0.0151
BU02090203	157	0.467	0.0168
BU02090204	107	0.602	0.0159
BU02090271	700	0.558	0.0203
BU02090272	560	0.56	0.0174
BU02090273	684	0.554	0.0189
BU02090274	149	0.505	0.0146
BU02090275	412	0.472	0.0203
BU02090276	93	0.495	0.0211
BU02090407	289	0.505	0.0152
BU02090408	308	0.518	0.0187
BU02090409	15	0.459	0.0196
BU02090491	1008	0.55	0.0341
BU02140000	369	0.472	0.0406
BU02140001	708	0.505	0.0315
BU02140002	619	0.499	0.0315
BU02140003	231	0.47	0.0509
BU02140004	305	0.519	0.0362
BU02140006	53	0.449	0.0138
BU02140007	100	0.459	0.0186
BU02140008	64	0.45	0.0188
BU02140009	371	0.476	0.0134
BU02140100	2120	0.459	0.0303
BU02140101	427	0.521	0.0254
BU02140109	379	0.469	0.012
BU02140200	827	0.555	0.0325
BU02140201	918	0.526	0.0176
BU02140202	112	0.502	0.0383
BU02140206	131	0.6	0.0125
BU02140207	337	0.517	0.0135
BU02140208	46	0.495	0.0173
BU02140209	157	0.497	0.0171
BU02140300	2692	0.533	0.0242
BU02140301	343	0.534	0.0161
BU02140305	242	0.506	0.0138
BU02140306	852	0.547	0.0111
BU02140307	204	0.48	0.0154
BU02140308	620	0.507	0.013
BU02140400	854	0.562	0.033
BU02140402	288	0.496	0.0492
BU02140408	422	0.517	0.0153
BU02140409	124	0.508	0.0188
BU02140500	2571	0.573	0.0371
BU02140501	282	0.555	0.0488
BU02140502	758	0.629	0.0432
BU02140503	152	0.55	0.0386
BU02140507	162	0.489	0.0176
BU02140508	687	0.549	0.0117
BU02140509	566	0.545	0.0184
BU02140600	144	0.49	0.0519
BU02140608	174	0.475	0.0201
BU02140609	93	0.486	0.0169
BU02160000	2141	0.467	0.0202
BU02160001	1484	0.475	0.0122
BU02160002	2789	0.477	0.0173
BU02160003	6257	0.524	0.0132
BU02160004	1052	0.516	0.0204
BU02160005	5602	0.463	0.0202
BU02160008	116	0.444	0.0115
BU02160009	1908	0.472	0.0094
BU02250001	5202	0.559	0.0141
BU02250002	2466	0.559	0.0126
BU02250003	1665	0.505	0.0187
BU02250004	75	0.498	0.0136
BU02250005	12	0.568	0.0149
BU02250006	14	0.616	0.0107
BU02250101	886	0.511	0.0195
BU02250102	99	0.529	0.0134
BU02250201	1092	0.564	0.0273
BU02250202	193	0.491	0.0109
BU02250203	NA	NA	NA
BU02250301	1341	0.614	0.0227
BU02250302	80	0.546	0.0151
BU02250303	NA	NA	NA
BU02250401	850	0.581	0.0382
BU02250402	114	0.532	0.0169
BU02250403	282	0.501	0.0122
BU02280101	3248	0.443	0.0197
BU02280102	295	0.483	0.0188
BU02280103	1489	0.459	0.0217
BU02280104	1637	0.462	0.0248
BU02280105	1645	0.478	0.0204
BU02280201	2178	0.461	0.0193
BU02280202	1751	0.483	0.023
BU02280203	2525	0.469	0.0268
BU02280204	2240	0.501	0.0248
BU02280205	1677	0.465	0.0216
BU02280206	1645	0.487	0.0227
BU02280301	1683	0.481	0.0218
BU02280302	1553	0.506	0.0227
BU02280303	2071	0.47	0.0209
BU02280305	1649	0.515	0.0199
BU02280306	1864	0.52	0.0185
BU02280307	1822	0.499	0.0224
BU02280401	734	0.452	0.0252
BU02280402	1721	0.479	0.0226
BU02280403	731	0.433	0.0214
BU02280501	600	0.445	0.0245
BU02281001	1792	0.512	0.0197
BU02281002	1760	0.5	0.0188
BU02281003	2871	0.453	0.016
BU02281004	744	0.386	0.0167
BU02281101	2517	0.521	0.0231
BU02281102	1456	0.504	0.0235
BU02281103	1306	0.494	0.021
BU02281201	855	0.492	0.0221
BU02281202	1660	0.494	0.0247
BU02281203	1817	0.501	0.0194
BU02281204	1805	0.502	0.0222
BU02281301	45	0.49	0.0166
BU02281302	54	0.5	0.0197
BU02281303	NA	NA	NA
BU02281304	18	0.473	0.0227
BU02281305	63	0.432	0.0225
BU02281306	42	0.436	0.0173
BU02282031	317	0.45	0.0146
BU02282032	791	0.436	0.0155
BU02282051	718	0.472	0.0168
BU02283001	2802	0.449	0.0201
BU02283002	1947	0.428	0.0157
BU02283003	2614	0.442	0.0123
BU02283004	3521	0.45	0.0153
BU02283031	629	0.416	0.0112
BU02283051	420	0.461	0.0143
BU02284001	3012	0.489	0.0306
BU02284002	2033	0.508	0.0304
BU02284003	1020	0.491	0.0311
BU02284031	1088	0.446	0.0132
BU02284032	336	0.444	0.0183
BU02284033	891	0.449	0.0161
BU02284034	1199	0.447	0.0162
BU02284051	373	0.531	0.0197
BU02285001	1466	0.459	0.0362
BU02285031	913	0.451	0.0153
BU02286001	179	0.466	0.0237
BU02286031	171	0.465	0.0162
BU02287031	843	0.447	0.0247
BU02288001	927	0.49	0.0408
BU02288031	622	0.467	0.0263
BU02288051	363	0.601	0.0257
BU02289031	498	0.465	0.031
BU02330000	8187	0.483	0.0127
BU02330001	3114	0.497	0.0128
BU02330002	4783	0.483	0.0137
BU02330003	1598	0.532	0.0158
BU02330004	794	0.48	0.0114
BU02330005	351	0.452	0.0196
BU02330006	464	0.501	0.0119
BU02330007	571	0.452	0.0138
BU02330008	483	0.481	0.0142
BU02330009	87	0.496	0.011
BU02330100	282	0.483	0.0504
BU02330105	27	0.561	0.0405
BU02330106	69	0.493	0.0303
BU02330107	53	0.523	0.046
BU02330108	64	0.463	0.0475
BU02330109	71	0.463	0.0199
BU02360000	2782	0.517	0.0192
BU02360001	2087	0.501	0.0204
BU02360002	448	0.47	0.0182
BU02360003	2383	0.525	0.0232
BU02360004	2724	0.46	0.0327
BU02360008	189	0.491	0.0141
BU02360009	373	0.457	0.0123
BU02360100	1431	0.486	0.0273
BU02360101	333	0.548	0.0329
BU02360102	449	0.485	0.0316
BU02360103	179	0.512	0.0369
BU02360106	66	0.494	0.0179
BU02360107	244	0.502	0.0131
BU02360108	110	0.492	0.0137
BU02360109	177	0.458	0.0116
BU02360200	2385	0.547	0.0254
BU02360201	381	0.543	0.0149
BU02360202	295	0.516	0.0346
BU02360207	82	0.464	0.0133
BU02360208	300	0.468	0.0128
BU02360209	349	0.488	0.0122
BU02360300	517	0.513	0.0415
BU02360301	1424	0.508	0.0128
BU02360308	262	0.501	0.0109
BU02360309	221	0.471	0.0132
BU02430101	1174	0.43	0.0379
BU02430102	817	0.416	0.0247
BU02430201	137	0.401	0.0358
BU02430202	NA	NA	NA
BU02430203	NA	NA	NA
BU02430204	NA	NA	NA
BU02430301	1072	0.537	0.0244
BU02430302	697	0.536	0.0287
BU02430401	704	0.469	0.0216
BU02430402	412	0.482	0.0225
BU02430501	1484	0.516	0.0189
BU02430502	1627	0.552	0.0197
BU02430503	768	0.571	0.0223
BU02430504	837	0.54	0.0218
BU02430601	145	0.494	0.0188
BU02430602	368	0.496	0.0227
BU02430701	88	0.546	0.0244
BU02430702	107	0.539	0.0225
BU02430801	851	0.508	0.0249
BU02430802	463	0.553	0.0314
BU02430803	740	0.495	0.0285
BU02430804	905	0.499	0.0246
BU02430805	891	0.483	0.0203
BU02430806	1127	0.492	0.0203
BU02430807	465	0.476	0.0258
BU02430808	639	0.505	0.027
BU02430901	615	0.479	0.0213
BU02430902	395	0.46	0.0219
BU02431001	948	0.481	0.0174
BU02431002	405	0.528	0.021
BU02431003	86	0.464	0.0233
BU02431004	943	0.568	0.0198
BU02431005	1472	0.528	0.0206
BU02431006	1108	0.58	0.0248
BU02431101	928	0.496	0.0223
BU02431102	946	0.476	0.0196
BU02431103	1183	0.502	0.0196
BU02431104	24	0.492	0.0207
BU02431201	957	0.474	0.02
BU02431202	471	0.462	0.0224
BU02431203	798	0.457	0.0242
BU02431204	876	0.459	0.0242
BU02431205	1011	0.47	0.0214
BU02431206	806	0.482	0.0201
BU02431207	1487	0.437	0.0191
BU02431208	38	0.342	0.0259
BU02431209	NA	NA	NA
BU02431210	68	0.448	0.0151
BU02431211	NA	NA	NA
BU02431212	45	0.471	0.0191
BU02431301	34	0.438	0.0248
BU02431302	NA	NA	NA
BU02431303	NA	NA	NA
BU02431401	354	0.559	0.0145
BU02431402	174	0.54	0.0513
BU02431403	114	0.34	0.0145
BU02431501	1097	0.494	0.0247
BU02431502	179	0.459	0.0231
BU02431503	93	0.487	0.0278
BU02431504	352	0.469	0.0193
BU02431505	422	0.522	0.02
BU02431506	303	0.468	0.0218
BU02431601	NA	NA	NA
BU02520101	532	0.484	0.0266
BU02520108	42	0.553	0.0175
BU02630000	5265	0.554	0.0286
BU02630001	627	0.549	0.0351
BU02630003	449	0.566	0.0467
BU02630006	171	0.496	0.018
BU02630007	552	0.486	0.0221
BU02630008	378	0.515	0.0221
BU02630010	77	0.576	0.0163
BU02630300	792	0.577	0.019
BU02630301	141	0.566	0.0153
BU02630309	134	0.628	0.0127
BU02630400	1700	0.579	0.0264
BU02630401	516	0.594	0.0332
BU02630408	460	0.533	0.0124
BU02630409	65	0.507	0.019
BU02670101	125	0.525	0.0173
BU02670102	3694	0.48	0.0128
BU02670103	2061	0.507	0.022
BU02670104	1883	0.532	0.0211
BU02670105	1229	0.547	0.0223
BU02670106	916	0.501	0.0201
BU02670107	1473	0.528	0.0227
BU02670108	1534	0.534	0.0161
BU02670109	1452	0.514	0.0145
BU02670110	141	0.485	0.0234
BU02670111	1744	0.507	0.0214
BU02670112	995	0.501	0.0233
BU02670113	1510	0.508	0.0245
BU02670114	1241	0.504	0.0225
BU02670201	243	0.463	0.0176
BU02670202	326	0.451	0.0155
BU02670203	523	0.472	0.0147
BU02670204	262	0.557	0.0149
BU02670301	2314	0.499	0.0126
BU02670302	377	0.484	0.0135
BU02670401	138	0.475	0.0128
BU02670402	176	0.462	0.0131
BU02670501	3079	0.478	0.0151
BU02670502	1544	0.482	0.0183
BU02670503	1153	0.473	0.0151
BU02670504	1268	0.462	0.017
BU02730000	1159	0.546	0.016
BU02730001	4778	0.542	0.012
BU02730002	2157	0.516	0.011
BU02730003	2724	0.556	0.0142
BU02730004	2973	0.506	0.0176
BU02730005	250	0.487	0.018
BU02730006	1070	0.478	0.0124
BU02730007	348	0.49	0.0164
BU02730008	1232	0.465	0.0105
BU02730009	298	0.474	0.0159
BU02730100	280	0.512	0.0487
BU02730108	1470	0.51	0.0118
BU02730109	66	0.532	0.0131
BU02740000	4179	0.5	0.0145
BU02740001	3037	0.509	0.0288
BU02740007	70	0.512	0.022
BU02790000	6651	0.512	0.0121
BU02790008	119	0.482	0.0116
BU02790009	414	0.464	0.0105
BU02810000	1726	0.51	0.0173
BU02810001	1054	0.525	0.0145
BU02810002	1704	0.596	0.0118
BU02810003	1095	0.534	0.0191
BU02810004	729	0.513	0.0157
BU02810005	1265	0.554	0.0175
BU02810006	911	0.581	0.0214
BU02810007	2335	0.592	0.0236
BU02810009	1977	0.546	0.0132
BU02810010	850	0.608	0.0164
BU02810011	1912	0.577	0.0133
BU02810100	2385	0.559	0.0173
BU02810101	1580	0.599	0.0159
BU02810102	47	0.528	0.0144
BU02810103	2428	0.558	0.0204
BU02810104	1688	0.55	0.0206
BU02810107	NA	NA	NA
BU02810108	143	0.508	0.0155
BU02810109	42	0.556	0.0131
BU02810200	515	0.546	0.0161
BU02810201	367	0.537	0.0181
BU02810208	278	0.531	0.0173
BU02810209	315	0.494	0.0102
BU02810300	1047	0.53	0.0158
BU02810301	2004	0.522	0.02
BU02810302	1970	0.526	0.0159
BU02810303	1507	0.496	0.0209
BU02810304	110	0.519	0.0137
BU02810305	76	0.535	0.0137
BU02810306	45	0.483	0.0122
BU02890000	1986	0.291	0.0116
BU02890001	5082	0.443	0.0122
BU02890002	2795	0.401	0.0118
BU02890003	4472	0.32	0.0097
BU02890004	3548	0.36	0.0126
BU02890005	3320	0.365	0.0109
BU02890006	4112	0.383	0.0109
BU02890007	3051	0.417	0.0261
BU02890100	983	0.399	0.0155
BU02890105	379	0.279	0.0096
BU02890106	212	0.408	0.0091
BU02890107	1439	0.313	0.0095
BU02890108	425	0.497	0.0119
BU02890109	95	0.406	0.0083
BU02960000	106	0.47	0.017
BU02960001	72	0.54	0.0181
BU02960002	59	0.531	0.021
BU02960100	1521	0.5	0.0314
BU02960102	325	0.492	0.0175
BU02960103	615	0.516	0.0264
BU02960104	166	0.464	0.0286
BU02960105	360	0.467	0.0191
BU02960106	1321	0.571	0.0198
BU02960107	1366	0.574	0.0202
BU02960108	1208	0.595	0.0219
BU02960109	3483	0.56	0.0197
BU02960110	740	0.487	0.0302
BU02960112	763	0.526	0.0222
BU02960113	1019	0.534	0.0213
BU02960114	1114	0.551	0.0214
BU02960115	664	0.536	0.026
BU02960116	1621	0.583	0.0241
BU02960118	99	0.481	0.0413
BU02960119	192	0.537	0.0282
BU02960120	154	0.597	0.0268
BU02960121	65	0.559	0.0254
BU02960122	171	0.551	0.0265
BU02960123	1146	0.592	0.0217
BU02960124	165	0.622	0.0209
BU02960125	925	0.581	0.0215
BU02960126	508	0.552	0.0248
BU02960127	401	0.541	0.0283
BU02960128	119	0.61	0.0231
BU02960129	291	0.561	0.0242
BU02960130	1102	0.57	0.0207
BU02960131	400	0.567	0.0214
BU02960132	225	0.551	0.0261
BU02960133	254	0.5	0.0217
BU02960134	293	0.521	0.0261
BU02960135	656	0.539	0.0265
BU02960136	504	0.539	0.0273
BU02960137	825	0.518	0.0305
BU02960138	805	0.499	0.027
BU02960200	436	0.514	0.0381
BU02960201	95	0.496	0.0185
BU02960300	399	0.556	0.044
BU02960301	103	0.529	0.0147
BU02960400	1043	0.506	0.0326
BU02960401	26	0.489	0.0319
BU02960402	303	0.503	0.0149
BU02960500	561	0.538	0.0454
BU02960501	130	0.533	0.0166
BU02960600	20	0.587	0.037
BU02960601	81	0.472	0.0163
BU02960700	228	0.589	0.0414
BU02960701	29	0.49	0.0203
BU02960702	74	0.504	0.0158
BU02960802	60	0.482	0.0228
BU02970000	1505	0.512	0.0328
BU02970001	3634	0.578	0.0181
BU02970002	2721	0.538	0.0293
BU02970007	1242	0.514	0.0148
BU02970008	143	0.537	0.0132
BU02970009	88	0.482	0.0134
BU02970100	1945	0.561	0.0325
BU02970101	418	0.543	0.0493
BU02970102	1147	0.556	0.0255
BU02970103	929	0.535	0.0342
BU02970104	125	0.557	0.0313
BU02970105	442	0.523	0.0176
BU02970106	263	0.49	0.0157
BU02970107	322	0.499	0.0115
BU02970108	NA	NA	NA
BU02970109	221	0.481	0.0183
BU02970200	306	0.549	0.0336
BU02970201	1043	0.535	0.0139
BU02970203	1652	0.548	0.0279
BU02970204	384	0.508	0.0493
BU02970207	163	0.516	0.0205
BU02970208	299	0.515	0.0141
BU02970209	388	0.486	0.0143
BU03020003	608	0.527	0.0298
BU03020005	394	0.519	0.0191
BU03020007	304	0.494	0.0236
BU03020009	190	0.512	0.0162
BU03040000	1871	0.566	0.0297
BU03040001	396	0.535	0.0434
BU03040002	626	0.532	0.0326
BU03040007	264	0.474	0.014
BU03040008	150	0.477	0.0146
BU03040009	165	0.494	0.0125
BU03040100	1246	0.567	0.0286
BU03040101	100	0.508	0.0224
BU03040102	103	0.521	0.0331
BU03040103	859	0.563	0.0122
BU03040104	354	0.54	0.0311
BU03040106	78	0.483	0.0162
BU03040107	38	0.453	0.0145
BU03040108	246	0.487	0.0145
BU03040109	285	0.517	0.0137
BU03040200	1118	0.588	0.0192
BU03040201	702	0.567	0.0292
BU03040202	147	0.582	0.0428
BU03040207	199	0.531	0.0148
BU03040208	71	0.553	0.0151
BU03040209	188	0.534	0.0135
BU03070100	657	0.346	0.0237
BU03070101	393	0.352	0.0263
BU03070102	150	0.384	0.0262
BU03070103	409	0.406	0.021
BU03070104	1110	0.441	0.0159
BU03070105	987	0.391	0.0151
BU03070106	436	0.368	0.0164
BU03070107	535	0.399	0.0157
BU03070108	335	0.404	0.0177
BU03070200	17	0.401	0.0192
BU03070202	404	0.401	0.0186
BU03070204	165	0.399	0.0195
BU03070205	257	0.397	0.0198
BU03070206	309	0.364	0.0194
BU03070300	1355	0.453	0.0192
BU03070301	938	0.483	0.0216
BU03070302	1256	0.432	0.0221
BU03070303	1823	0.49	0.0191
BU03070304	1285	0.493	0.0228
BU03070305	1104	0.531	0.023
BU03070306	1406	0.353	0.0193
BU03070307	220	0.363	0.017
BU03070401	186	0.292	0.0153
BU03070402	12	0.434	0.0181
BU03070403	56	0.428	0.0186
BU03070404	52	0.461	0.0179
BU03070500	383	0.494	0.0196
BU03070501	254	0.504	0.0201
BU03070502	444	0.556	0.0201
BU03070600	540	0.525	0.0169
BU03070601	1036	0.505	0.0136
BU03070603	662	0.436	0.0163
BU03070700	1728	0.483	0.016
BU03070701	1606	0.518	0.0169
BU03070702	1408	0.485	0.0149
BU03070800	1399	0.485	0.0153
BU03070801	1349	0.512	0.0177
BU03070803	922	0.49	0.0188
BU03070900	1637	0.484	0.0171
BU03070902	1366	0.478	0.0195
BU03070903	1842	0.491	0.0178
BU03070905	1014	0.485	0.0177
BU03071000	767	0.489	0.0159
BU03071001	1186	0.504	0.0192
BU03071002	1243	0.509	0.0193
BU03071003	1311	0.455	0.0171
BU03071004	1058	0.533	0.0168
BU03071100	1177	0.52	0.0146
BU03071101	1308	0.482	0.0149
BU03071201	78	0.465	0.0149
BU03071202	103	0.434	0.0134
BU03071300	1207	0.532	0.021
BU03071301	984	0.495	0.0166
BU03071302	968	0.489	0.0153
BU03071400	1291	0.477	0.0165
BU03071401	1560	0.44	0.0146
BU03071402	1043	0.504	0.02
BU03071403	1621	0.47	0.0129
BU03071500	1364	0.375	0.0144
BU03071501	1309	0.43	0.0173
BU03071502	1468	0.413	0.0176
BU03071503	558	0.504	0.0151
BU03071600	1130	0.465	0.0182
BU03071601	1415	0.376	0.0167
BU03071602	1753	0.439	0.0172
BU03071603	21	0.432	0.014
BU03071700	353	0.414	0.0191
BU03071701	1093	0.436	0.0218
BU03071702	330	0.37	0.0215
BU03071703	602	0.372	0.0194
BU03071704	810	0.415	0.0199
BU03071705	779	0.387	0.0181
BU03071706	572	0.434	0.0238
BU03071707	76	0.46	0.0211
BU03071800	588	0.377	0.0198
BU03071801	41	0.477	0.0187
BU03071802	415	0.357	0.0209
BU03071803	822	0.39	0.0202
BU03071804	630	0.386	0.0173
BU03071900	1393	0.449	0.0153
BU03071901	1342	0.452	0.0158
BU03071902	1916	0.474	0.0171
BU03071903	1125	0.475	0.0155
BU03071904	1151	0.448	0.0154
BU03071905	581	0.489	0.0155
BU03071906	280	0.463	0.0174
BU03072000	988	0.484	0.0182
BU03072001	1189	0.503	0.0166
BU03072002	890	0.5	0.0185
BU03072003	920	0.481	0.0172
BU03072004	1329	0.448	0.0194
BU03072005	1034	0.434	0.0177
BU03072006	NA	NA	NA
BU03072100	1109	0.453	0.0229
BU03072101	520	0.478	0.018
BU03072102	1042	0.44	0.0164
BU03072103	745	0.443	0.0249
BU03072104	791	0.45	0.0266
BU03072105	637	0.444	0.0151
BU03072106	1017	0.468	0.018
BU03072107	1150	0.475	0.0144
BU03072108	1325	0.447	0.0159
BU03072201	110	0.421	0.0144
BU03072300	50	0.457	0.0147
BU03072301	NA	NA	NA
BU03072400	2177	0.463	0.0158
BU03072402	1636	0.449	0.0177
BU03072403	965	0.492	0.0169
BU03072404	1274	0.497	0.0183
BU03072405	2304	0.486	0.0199
BU03072407	2127	0.478	0.016
BU03072500	12	0.289	0.0137
BU03072501	NA	NA	NA
BU03072502	25	0.471	0.0184
BU03072503	45	0.467	0.0176
BU03072504	59	0.459	0.0167
BU03072505	NA	NA	NA
BU03072506	NA	NA	NA
BU03072507	NA	NA	NA
BU03072508	NA	NA	NA
BU03072600	1175	0.484	0.0301
BU03072601	1219	0.433	0.0257
BU03072602	535	0.451	0.0239
BU03072603	211	0.457	0.0208
BU03072700	82	0.415	0.0162
BU03072701	270	0.414	0.0117
BU03072709	32	0.399	0.0192
BU03072800	1298	0.466	0.0234
BU03072801	614	0.456	0.0217
BU03072802	1437	0.473	0.0219
BU03072803	698	0.439	0.0226
BU03072804	384	0.436	0.023
BU03072805	NA	NA	NA
BU03072806	NA	NA	NA
BU03072900	1243	0.464	0.0228
BU03072901	357	0.395	0.0198
BU03072902	738	0.445	0.0237
BU03073000	703	0.432	0.0246
BU03073001	1074	0.417	0.0244
BU03073100	NA	NA	NA
BU03073101	1806	0.458	0.0245
BU03073102	1029	0.426	0.0237
BU03073103	1468	0.448	0.0195
BU03073104	NA	NA	NA
BU03073108	41	0.489	0.0185
BU03080000	1450	0.407	0.0155
BU03080001	741	0.416	0.0143
BU03080002	588	0.394	0.0171
BU03080003	1763	0.455	0.0149
BU03080004	1719	0.446	0.0148
BU03080005	2046	0.499	0.0191
BU03080006	408	0.385	0.015
BU03080007	575	0.428	0.0178
BU03080100	776	0.427	0.0121
BU03080101	1468	0.491	0.0177
BU03080102	1025	0.449	0.0167
BU03080103	1495	0.45	0.0111
BU03080104	1588	0.475	0.0133
BU03080105	1348	0.485	0.0133
BU03080109	110	0.436	0.0097
BU03080200	883	0.388	0.0142
BU03080201	376	0.42	0.0169
BU03080400	217	0.466	0.0096
BU03080401	649	0.583	0.0284
BU03080500	173	0.483	0.0357
BU03080501	65	0.499	0.021
BU03100001	191	0.349	0.0107
BU03100002	4752	0.461	0.0127
BU03100008	6865	0.406	0.0098
BU03100009	154	0.423	0.012
BU03100100	6161	0.427	0.0116
BU03100200	3738	0.4	0.0138
BU03100201	3681	0.457	0.0139
BU03100209	208	0.5	0.0195
BU03100300	1059	0.446	0.0147
BU03100309	90	0.438	0.0172
BU03100400	3805	0.453	0.0153
BU03100401	47	0.407	0.0347
BU03100402	155	0.412	0.0172
BU03100500	1203	0.413	0.0119
BU03100501	102	0.369	0.0105
BU03100600	963	0.434	0.0133
BU03120000	4951	0.42	0.0126
BU03120001	111	0.402	0.0172
BU03120008	47	0.429	0.0153
BU03120009	124	0.409	0.0123
BU03120100	4284	0.443	0.0186
BU03120109	178	0.438	0.0088
BU03120200	1527	0.5	0.0212
BU03120209	370	0.413	0.0084
BU03130001	2185	0.513	0.0132
BU03130002	3406	0.531	0.0144
BU03130003	617	0.462	0.0125
BU03130004	1947	0.555	0.0147
BU03130005	2425	0.534	0.0138
BU03130006	2984	0.523	0.0142
BU03130007	145	0.44	0.0118
BU03130008	139	0.515	0.0113
BU03130009	1171	0.538	0.0167
BU03130011	574	0.452	0.0157
BU03170000	523	0.46	0.0103
BU03170001	170	0.432	0.0111
BU03170002	1296	0.473	0.009
BU03170003	278	0.437	0.0099
BU03170004	2918	0.491	0.0114
BU03170005	1346	0.484	0.0127
BU03170008	84	0.447	0.0119
BU03170009	291	0.388	0.0078
BU03211010	1448	0.464	0.0154
BU03211011	775	0.474	0.0171
BU03211012	712	0.471	0.0173
BU03211013	1023	0.471	0.0171
BU03211014	1438	0.464	0.0142
BU03211015	968	0.464	0.0213
BU03211016	1076	0.456	0.0174
BU03211017	1273	0.474	0.0206
BU03211018	785	0.455	0.0204
BU03211019	1396	0.467	0.0247
BU03211050	NA	NA	NA
BU03211120	162	0.576	0.0185
BU03211121	1076	0.478	0.0154
BU03211122	103	0.434	0.0145
BU03211123	705	0.486	0.0145
BU03211124	1371	0.473	0.0185
BU03211125	1453	0.45	0.0186
BU03211126	1028	0.465	0.022
BU03211127	846	0.467	0.0213
BU03211128	465	0.422	0.0227
BU03211129	773	0.457	0.0241
BU03211151	NA	NA	NA
BU03211230	790	0.431	0.02
BU03211231	960	0.452	0.0194
BU03211232	1455	0.448	0.0244
BU03211233	787	0.444	0.0274
BU03211234	995	0.454	0.0169
BU03211235	1384	0.459	0.0214
BU03211236	457	0.413	0.0194
BU03211237	781	0.422	0.0183
BU03211238	21	0.415	0.0139
BU03211252	NA	NA	NA
BU03211340	895	0.456	0.0198
BU03211341	1087	0.419	0.0186
BU03211342	997	0.445	0.0152
BU03211343	1536	0.462	0.0234
BU03211344	1666	0.468	0.0193
BU03211345	776	0.448	0.0164
BU03211353	NA	NA	NA
BU03212054	NA	NA	NA
BU03212055	20	0.253	0.0229
BU03212056	NA	NA	NA
BU03212057	NA	NA	NA
BU03212058	NA	NA	NA
BU03212059	NA	NA	NA
BU03212060	NA	NA	NA
BU03212061	66	0.464	0.0215
BU03212062	NA	NA	NA
BU03212063	22	0.414	0.0129
BU03212064	188	0.446	0.0114
BU03212065	63	0.428	0.011
BU03213070	211	0.498	0.0458
BU03213071	88	0.534	0.0479
BU03213172	173	0.478	0.0125
BU03214080	370	0.494	0.0338
BU03214081	127	0.521	0.0313
BU03214182	55	0.461	0.0182
BU03215090	791	0.494	0.0249
BU03215091	356	0.451	0.0254
BU03215192	248	0.462	0.0127
BU03215193	92	0.46	0.0117
BU03270000	562	0.495	0.0183
BU03270001	489	0.488	0.0211
BU03270002	648	0.476	0.0216
BU03270003	785	0.468	0.0203
BU03270004	520	0.457	0.0204
BU03270005	670	0.482	0.0218
BU03270006	472	0.471	0.0234
BU03270007	930	0.465	0.0202
BU03270008	1182	0.465	0.0219
BU03270009	356	0.421	0.0127
BU03270100	890	0.457	0.0176
BU03270101	399	0.456	0.0179
BU03270102	590	0.477	0.0194
BU03270103	875	0.456	0.0192
BU03270104	356	0.459	0.0211
BU03270105	852	0.471	0.0199
BU03270106	1135	0.494	0.0154
BU03270107	580	0.478	0.0183
BU03270108	1741	0.472	0.0188
BU03270109	202	0.474	0.0129
BU03270200	1498	0.439	0.0277
BU03270201	1698	0.414	0.0194
BU03270209	471	0.449	0.0096
BU03270300	1620	0.443	0.0259
BU03270309	417	0.433	0.012
BU03270400	288	0.434	0.0093
BU03270500	1395	0.456	0.0165
BU03270501	1389	0.467	0.015
BU03310000	4190	0.522	0.0182
BU03310001	499	0.477	0.0196
BU03310002	415	0.454	0.0233
BU03310003	420	0.477	0.0205
BU03310004	214	0.538	0.0132
BU03310005	211	0.47	0.0197
BU03310006	559	0.49	0.0221
BU03310007	130	0.449	0.0218
BU03310008	321	0.477	0.0135
BU03310009	259	0.536	0.0092
BU03310010	1798	0.521	0.0285
BU03310019	829	0.475	0.0095
BU03310020	439	0.492	0.0191
BU03310029	451	0.471	0.0124
BU03350000	4183	0.495	0.0129
BU03350001	1975	0.487	0.0177
BU03350100	2592	0.478	0.016
BU03350101	42	0.423	0.0106
BU03350102	64	0.379	0.0098
BU03350103	471	0.446	0.015
BU03350108	150	0.473	0.0083
BU03350109	348	0.481	0.0115
BU03350200	247	0.487	0.0124
BU03350201	107	0.444	0.0154
BU03350202	186	0.47	0.0127
BU03350209	14	0.444	0.0117
BU03390000	2483	0.504	0.0144
BU03390009	1166	0.465	0.007
BU03400001	902	0.496	0.0144
BU03400101	402	0.476	0.0157
BU03400102	157	0.42	0.0193
BU03400103	469	0.495	0.0164
BU03400104	506	0.485	0.0136
BU03400105	1002	0.499	0.0151
BU03400201	1144	0.503	0.0147
BU03400202	625	0.531	0.0143
BU03400203	457	0.5	0.018
BU03400301	2023	0.53	0.0155
BU03400302	659	0.451	0.0166
BU03400303	150	0.436	0.0151
BU03400401	34	0.58	0.0169
BU03400501	312	0.454	0.0116
BU03400502	271	0.465	0.0108
BU03400503	260	0.568	0.0257
BU03400504	17	0.534	0.0123
BU03400601	742	0.49	0.0128
BU03400701	545	0.493	0.0213
BU03400702	188	0.48	0.0253
BU03400703	345	0.487	0.0213
BU03400801	182	0.49	0.0086
BU03400901	49	0.537	0.0137
BU03401001	79	0.563	0.0124
BU03401101	35	0.531	0.0104
BU03401201	15	0.535	0.0124
BU03401301	387	0.52	0.0155
BU03401302	2067	0.546	0.0172
BU03401303	472	0.527	0.0291
BU03401304	400	0.497	0.0141
BU03420101	313	0.444	0.0143
BU03420102	3109	0.46	0.0145
BU03420103	3875	0.442	0.0139
BU03420201	2652	0.485	0.0146
BU03420301	37	0.457	0.0165
BU03420302	135	0.413	0.0147
BU03420303	11	0.44	0.0263
BU03420304	1591	0.472	0.0186
BU03420401	469	0.49	0.0181
BU03420402	2239	0.52	0.0159
BU03420403	1727	0.439	0.0141
BU03420404	82	0.434	0.0118
BU03420405	252	0.427	0.0166
BU03420501	3670	0.497	0.0159
BU03420601	4487	0.49	0.0117
BU03420602	121	0.431	0.0165
BU03420604	252	0.432	0.0154
BU03420605	537	0.446	0.0165
BU03420606	406	0.477	0.0348
BU03420701	3985	0.43	0.0136
BU03420702	142	0.397	0.012
BU03420703	117	0.449	0.0149
BU03420704	256	0.447	0.0148
BU03420705	165	0.49	0.0151
BU03420706	NA	NA	NA
BU03420801	120	0.437	0.0186
BU03420802	1773	0.471	0.0153
BU03420803	223	0.451	0.0142
BU03420804	2830	0.483	0.0161
BU03440111	1201	0.387	0.0152
BU03440112	2789	0.353	0.0204
BU03440113	1092	0.414	0.0199
BU03440114	1249	0.439	0.0196
BU03440121	2064	0.342	0.0144
BU03440122	1016	0.403	0.0156
BU03440123	4448	0.339	0.0175
BU03440124	3701	0.345	0.0196
BU03440131	4961	0.33	0.0127
BU03440132	1042	0.389	0.0141
BU03440133	135	0.469	0.0142
BU03440211	3415	0.301	0.0115
BU03440212	1778	0.41	0.0161
BU03440221	1515	0.422	0.0138
BU03440222	3857	0.427	0.0137
BU03440223	3430	0.33	0.0125
BU03440224	2592	0.378	0.0164
BU03440231	2630	0.339	0.0177
BU03440232	3887	0.362	0.0169
BU03440233	2849	0.449	0.0158
BU03440241	3029	0.435	0.0154
BU03440242	3563	0.46	0.0149
BU03440243	497	0.513	0.0188
BU03440244	2866	0.478	0.0189
BU03440311	3652	0.388	0.0139
BU03440312	3708	0.513	0.015
BU03440321	2415	0.426	0.0136
BU03440322	3389	0.536	0.0158
BU03440331	3604	0.496	0.0153
BU03440332	2546	0.511	0.0147
BU03440333	79	0.426	0.0136
BU03440341	3563	0.487	0.0156
BU03440342	3306	0.54	0.0174
BU03440343	192	0.39	0.0098
BU03440411	3501	0.298	0.0191
BU03440412	1911	0.355	0.0143
BU03440413	1324	0.382	0.0217
BU03440414	1990	0.336	0.0224
BU03440415	2273	0.328	0.0172
BU03440421	5134	0.314	0.0142
BU03440422	2374	0.352	0.0146
BU03440423	3104	0.375	0.0126
BU03440431	1006	0.361	0.0186
BU03440432	2792	0.3	0.0141
BU03440433	5563	0.288	0.0153
BU03440511	4048	0.271	0.0145
BU03440512	4341	0.286	0.0177
BU03440521	1807	0.329	0.0162
BU03440522	685	0.465	0.0257
BU03440523	2799	0.234	0.0166
BU03440524	2043	0.284	0.014
BU03440525	820	0.334	0.0163
BU03440526	137	0.379	0.0132
BU03440531	2866	0.322	0.0161
BU03440532	1985	0.291	0.0149
BU03440533	2679	0.206	0.0106
BU03440534	2716	0.267	0.0109
BU03440535	1016	0.188	0.0135
BU03440611	2137	0.256	0.0161
BU03440612	1455	0.277	0.0149
BU03440613	834	0.399	0.0155
BU03440621	1254	0.349	0.0131
BU03440622	2383	0.284	0.0144
BU03440623	961	0.257	0.0177
BU03440624	1782	0.349	0.0185
BU03440625	2306	0.312	0.0157
BU03440626	1067	0.314	0.0183
BU03440627	482	0.354	0.0162
BU03440628	1888	0.298	0.0223
BU03440711	3835	0.358	0.0139
BU03440712	5616	0.408	0.0106
BU03440721	3093	0.307	0.0138
BU03440722	2276	0.343	0.0162
BU03440723	1707	0.389	0.0143
BU03440731	657	0.366	0.0156
BU03440732	1824	0.422	0.016
BU03440733	2642	0.474	0.0128
BU03440811	4329	0.333	0.0153
BU03440812	7567	0.391	0.012
BU03440821	54	0.377	0.0112
BU03440822	2399	0.387	0.0143
BU03440823	3568	0.446	0.015
BU03440831	6674	0.52	0.0168
BU03440832	4957	0.536	0.0176
BU03440911	NA	NA	NA
BU03440912	3371	0.454	0.02
BU03440913	3221	0.407	0.0188
BU03440921	3764	0.424	0.0179
BU03440922	2318	0.439	0.0209
BU03440931	63	0.389	0.0205
BU03440932	797	0.42	0.0195
BU03440933	1103	0.393	0.0189
BU03440934	NA	NA	NA
BU03440941	2282	0.457	0.0184
BU03440942	2863	0.493	0.0265
BU03440943	3239	0.465	0.0172
BU03440951	103	0.396	0.0218
BU03440952	NA	NA	NA
BU03440953	10	0.53	0.0168
BU03441011	40	0.391	0.0137
BU03441012	432	0.472	0.0123
BU03441013	5303	0.473	0.0172
BU03441014	537	0.404	0.0158
BU03441021	3873	0.448	0.0224
BU03441022	4667	0.435	0.018
BU03441023	2838	0.439	0.0154
BU03441024	6548	0.479	0.0141
BU03441031	3744	0.459	0.0133
BU03441032	4830	0.487	0.0117
BU03441033	185	0.435	0.0172
BU03441041	199	0.468	0.0109
BU03450000	963	0.498	0.0128
BU03450001	866	0.556	0.0137
BU03450002	1120	0.525	0.0166
BU03450003	1119	0.562	0.0125
BU03450100	3465	0.528	0.0123
BU03450101	2324	0.543	0.0141
BU03450102	218	0.474	0.0127
BU03450103	397	0.527	0.0182
BU03450104	1704	0.489	0.0151
BU03450105	1594	0.458	0.0154
BU03450200	2869	0.557	0.0127
BU03450201	504	0.501	0.012
BU03450202	2010	0.517	0.0149
BU03450203	2709	0.49	0.0139
BU03450204	1947	0.48	0.0131
BU03450205	234	0.481	0.0136
BU03450206	10	0.489	0.0133
BU03450207	54	0.481	0.0118
BU03450208	56	0.45	0.0184
BU03450300	522	0.5	0.0097
BU03450301	4583	0.532	0.0126
BU03450302	353	0.452	0.0105
BU03450400	1941	0.538	0.0149
BU03450401	2145	0.52	0.0126
BU03450402	1516	0.488	0.0112
BU03450403	1248	0.506	0.0117
BU03450404	93	0.476	0.0127
BU03450405	96	0.454	0.0154
BU03450500	2543	0.536	0.0132
BU03450501	2031	0.495	0.0099
BU03450502	2128	0.497	0.0104
BU03450503	2725	0.506	0.015
BU03450504	2205	0.504	0.0144
BU03450505	30	0.422	0.0118
BU03450506	41	0.423	0.0137
BU03450507	44	0.523	0.0113
BU03510001	1525	0.492	0.0115
BU03510002	1606	0.494	0.0135
BU03510003	1145	0.487	0.0108
BU03510004	2201	0.5	0.0127
BU03510005	1003	0.461	0.0133
BU03510006	674	0.414	0.012
BU03510007	187	0.472	0.011
BU03510008	57	0.456	0.0106
BU03510009	303	0.537	0.0135
BU03510010	115	0.447	0.0099
BU03510011	165	0.473	0.0119
BU03510012	383	0.474	0.0083
BU03520000	13623	0.51	0.0148
BU03520101	159	0.463	0.0124
BU03520109	298	0.498	0.0082
BU03520200	2135	0.506	0.0265
BU03520209	299	0.448	0.0087
BU03520300	1134	0.521	0.022
BU03520301	213	0.513	0.0152
BU03520302	100	0.435	0.0174
BU03520309	252	0.465	0.0094
BU03530001	786	0.444	0.018
BU03530002	812	0.521	0.0184
BU03530003	667	0.523	0.0152
BU03530004	1127	0.522	0.0205
BU03530005	1168	0.532	0.0196
BU03530006	693	0.498	0.0218
BU03530007	1949	0.537	0.0145
BU03530008	2291	0.51	0.0141
BU03530009	367	0.463	0.0184
BU03530010	741	0.508	0.018
BU03530011	NA	NA	NA
BU03530012	551	0.472	0.0205
BU03530013	334	0.591	0.0219
BU03530014	11	0.487	0.0196
BU03530015	43	0.473	0.0156
BU03530016	47	0.477	0.0128
BU03530017	1572	0.513	0.0141
BU03530018	1058	0.549	0.0147
BU03530019	1640	0.563	0.0134
BU03530020	962	0.501	0.0113
BU03530021	703	0.527	0.0139
BU03530022	1308	0.512	0.0128
BU03530023	374	0.545	0.0147
BU03530024	870	0.521	0.0212
BU03530025	2240	0.486	0.0133
BU03530026	2227	0.474	0.0148
BU03530027	643	0.505	0.021
BU03530028	230	0.469	0.0178
BU03530029	368	0.453	0.0112
BU03530030	85	0.463	0.0113
BU03550101	2781	0.453	0.0241
BU03550102	2289	0.421	0.0141
BU03550103	3905	0.457	0.0177
BU03550104	2732	0.405	0.0151
BU03550105	322	0.452	0.0175
BU03550201	2842	0.417	0.0145
BU03550202	2305	0.493	0.0123
BU03550203	1316	0.489	0.0188
BU03550204	1887	0.372	0.0126
BU03550205	3435	0.44	0.0146
BU03550206	705	0.398	0.0142
BU03550301	2205	0.456	0.0161
BU03550302	1904	0.498	0.0188
BU03550303	838	0.489	0.034
BU03550304	1301	0.49	0.018
BU03550305	1930	0.476	0.0161
BU03550306	318	0.569	0.0196
BU03550307	1754	0.496	0.0174
BU03550308	12	0.428	0.0146
BU03550309	79	0.408	0.0105
BU03550401	2742	0.451	0.0218
BU03550402	1990	0.448	0.0286
BU03550403	303	0.449	0.0129
BU03550404	82	0.468	0.0125
BU03550405	346	0.43	0.0142
BU03550406	1179	0.453	0.0404
BU03550407	27	0.44	0.0137
BU03550501	567	0.49	0.0174
BU03550502	534	0.463	0.0222
BU03550503	1367	0.427	0.0131
BU03550504	311	0.496	0.016
BU03550505	1346	0.431	0.0116
BU03550506	2012	0.488	0.0137
BU03550507	74	0.471	0.0156
BU03550508	739	0.448	0.0154
BU03560100	5023	0.509	0.0127
BU03560200	3986	0.528	0.013
BU03560300	4957	0.507	0.0105
BU03560400	5876	0.519	0.0117
BU03560500	4760	0.52	0.013
BU03560600	502	0.542	0.0123
BU03560700	972	0.485	0.0198
BU03560800	6741	0.535	0.0152
BU03561000	5086	0.518	0.0154
BU03561100	2197	0.539	0.0137
BU03561200	1498	0.547	0.0119
BU03561300	2756	0.523	0.0115
BU03561400	978	0.512	0.0132
BU03561500	23	0.503	0.0155
BU03561600	1754	0.526	0.0171
BU03561800	24	0.464	0.0121
BU03562000	189	0.507	0.0175
BU03562100	254	0.468	0.0096
BU03562200	29	0.483	0.0137
BU03562300	18	0.533	0.0128
BU03562400	1516	0.487	0.0155
BU03580000	2016	0.478	0.0149
BU03580001	5041	0.497	0.0137
BU03580004	2041	0.514	0.0095
BU03580005	743	0.468	0.0112
BU03580100	6910	0.504	0.0132
BU03580200	817	0.475	0.0124
BU03580201	620	0.475	0.0117
BU03580205	5353	0.47	0.0109
BU03580206	354	0.465	0.0129
BU03620001	4251	0.39	0.0129
BU03620002	2362	0.456	0.0138
BU03620003	3237	0.397	0.0161
BU03620004	4078	0.419	0.015
BU03620005	3203	0.406	0.0129
BU03620006	3602	0.205	0.0112
BU03620007	3693	0.421	0.0135
BU03620008	4055	0.462	0.0122
BU03620009	605	0.411	0.0103
BU03620010	2814	0.469	0.0125
BU03620011	4791	0.469	0.013
BU03620012	4055	0.468	0.0141
BU03620013	6360	0.487	0.0132
BU03620014	4893	0.476	0.0161
BU03620015	5747	0.472	0.012
BU03620016	73	0.454	0.0149
BU03620017	6421	0.448	0.013
BU03620018	4514	0.453	0.0134
BU03620019	983	0.479	0.0075
BU03620020	87	0.402	0.0103
BU03630000	986	0.333	0.0179
BU03630001	638	0.315	0.0193
BU03630002	1454	0.33	0.0191
BU03630003	327	0.268	0.0217
BU03630004	548	0.333	0.021
BU03630100	NA	NA	NA
BU03630101	481	0.313	0.0174
BU03630102	424	0.319	0.0177
BU03630103	747	0.289	0.017
BU03630104	771	0.289	0.0187
BU03630105	605	0.316	0.0183
BU03630106	400	0.323	0.0233
BU03630107	252	0.283	0.0198
BU03630200	1598	0.322	0.0172
BU03630201	1592	0.292	0.0169
BU03630202	1911	0.315	0.0195
BU03630203	619	0.321	0.0213
BU03630300	699	0.315	0.0226
BU03630301	143	0.319	0.0238
BU03630302	1238	0.315	0.0195
BU03630303	1312	0.318	0.0209
BU03630304	460	0.307	0.0182
BU03630305	335	0.279	0.0188
BU03630306	542	0.316	0.0194
BU03630400	422	0.366	0.0164
BU03630401	655	0.319	0.0217
BU03630402	874	0.328	0.0164
BU03630403	954	0.35	0.019
BU03630404	1421	0.412	0.0227
BU03630405	1060	0.368	0.019
BU03630406	1034	0.374	0.0164
BU03630407	1396	0.371	0.0202
BU03630408	791	0.366	0.0171
BU03630500	1586	0.4	0.0183
BU03630501	1288	0.359	0.0165
BU03630502	2154	0.38	0.019
BU03630503	2483	0.384	0.0178
BU03630505	309	0.373	0.0181
BU03630506	157	0.435	0.0169
BU03630600	2425	0.339	0.0263
BU03630602	2581	0.335	0.0172
BU03630603	1304	0.396	0.0176
BU03630604	826	0.332	0.0155
BU03630605	186	0.275	0.0162
BU03630606	3799	0.355	0.019
BU03630607	791	0.363	0.0218
BU03630608	165	0.302	0.0174
BU03630609	612	0.364	0.0179
BU03630610	1874	0.351	0.0197
BU03630611	2600	0.367	0.018
BU03630700	249	0.308	0.0188
BU03630701	123	0.328	0.0161
BU03630702	914	0.28	0.0159
BU03630703	283	0.328	0.0163
BU03630704	2118	0.298	0.0163
BU03630705	905	0.32	0.0171
BU03630706	1046	0.331	0.02
BU03630707	776	0.319	0.0161
BU03630800	3051	0.351	0.0173
BU03630801	1946	0.34	0.0152
BU03630803	1710	0.337	0.0149
BU03630804	332	0.331	0.0179
BU03630900	61	0.413	0.0192
BU03630901	1458	0.414	0.0196
BU03630902	1923	0.422	0.0212
BU03630903	1323	0.435	0.019
BU03630904	1873	0.386	0.016
BU03630905	989	0.369	0.0165
BU03630907	874	0.395	0.0158
BU03630908	2465	0.397	0.0161
BU03631000	17	0.416	0.0168
BU03631001	14	0.458	0.0238
BU03631002	NA	NA	NA
BU03631003	19	0.566	0.0173
BU03631004	NA	NA	NA
BU03631005	95	0.522	0.0221
BU03631006	NA	NA	NA
BU03631007	11	0.439	0.0283
BU03631100	14	0.55	0.0228
BU03631102	NA	NA	NA
BU03631103	38	0.401	0.0185
BU03631104	24	0.559	0.0194
BU03631105	43	0.399	0.0164
BU03631107	NA	NA	NA
BU03631109	NA	NA	NA
BU03631200	278	0.327	0.0158
BU03631201	569	0.409	0.0193
BU03631300	1659	0.42	0.0185
BU03631301	2326	0.461	0.0209
BU03631302	866	0.443	0.0202
BU03631303	1541	0.438	0.0192
BU03631304	993	0.419	0.0197
BU03631305	1667	0.44	0.0197
BU03631306	NA	NA	NA
BU03631307	18	0.466	0.0219
BU03631400	1160	0.392	0.0159
BU03631401	792	0.441	0.0196
BU03631402	1085	0.477	0.0216
BU03631403	3165	0.397	0.0189
BU03631404	2427	0.374	0.0174
BU03631405	2598	0.37	0.0158
BU03631500	1025	0.413	0.0218
BU03631501	30	0.411	0.0172
BU03631502	53	0.396	0.017
BU03631503	869	0.425	0.0239
BU03631600	3332	0.358	0.0142
BU03631601	2949	0.348	0.0161
BU03631602	1096	0.412	0.0159
BU03631700	4131	0.338	0.0148
BU03631800	2453	0.387	0.0178
BU03631801	3231	0.335	0.017
BU03631900	1967	0.318	0.0165
BU03631901	2490	0.452	0.0202
BU03631902	1692	0.369	0.0182
BU03632000	2209	0.305	0.0167
BU03632001	2146	0.364	0.0187
BU03632002	1896	0.306	0.0197
BU03632100	4872	0.313	0.0171
BU03632101	1837	0.311	0.0174
BU03632200	788	0.314	0.0159
BU03632201	786	0.365	0.0176
BU03632300	138	0.342	0.0163
BU03632301	NA	NA	NA
BU03632302	133	0.315	0.0178
BU03632303	1008	0.329	0.0174
BU03632304	955	0.218	0.0129
BU03632400	2221	0.287	0.0163
BU03632401	1752	0.32	0.0189
BU03632402	2277	0.299	0.0187
BU03632403	2318	0.314	0.0185
BU03632404	4569	0.295	0.015
BU03632500	2332	0.341	0.0166
BU03632501	3323	0.307	0.018
BU03632502	2076	0.345	0.017
BU03632503	3123	0.308	0.0174
BU03632600	2621	0.403	0.0191
BU03632601	2414	0.383	0.0218
BU03632602	1948	0.402	0.0227
BU03632700	1618	0.286	0.0152
BU03632701	2519	0.335	0.0152
BU03632702	370	0.218	0.0194
BU03632800	3433	0.36	0.017
BU03632801	115	0.377	0.017
BU03632802	3116	0.371	0.0175
BU03632803	2609	0.409	0.0189
BU03632900	3686	0.424	0.0155
BU03632901	3167	0.402	0.0166
BU03632902	1362	0.396	0.0164
BU03633000	3431	0.408	0.0188
BU03633001	4322	0.393	0.0182
BU03633100	3251	0.369	0.017
BU03633101	3944	0.385	0.0168
BU03633102	3260	0.487	0.0188
BU03633200	4997	0.469	0.017
BU03633201	2985	0.462	0.0186
BU03633202	373	0.42	0.0165
BU03633203	18	0.361	0.0149
BU03633300	1191	0.365	0.0158
BU03633301	2006	0.383	0.0153
BU03633302	2548	0.398	0.0156
BU03633303	2074	0.436	0.0181
BU03633304	1857	0.401	0.0196
BU03633305	2010	0.387	0.0197
BU03633306	1240	0.436	0.0206
BU03633307	1530	0.44	0.0228
BU03633308	37	0.434	0.0286
BU03633309	19	0.371	0.0182
BU03633310	116	0.412	0.0176
BU03633400	18	0.419	0.0235
BU03633402	489	0.262	0.0231
BU03633403	259	0.243	0.0158
BU03633404	62	0.439	0.0137
BU03633405	817	0.333	0.0306
BU03633406	NA	NA	NA
BU03633500	989	0.391	0.0361
BU03633501	1626	0.39	0.0489
BU03633502	1769	0.368	0.0245
BU03633504	1772	0.407	0.0278
BU03633505	3316	0.414	0.0249
BU03633600	387	0.298	0.0128
BU03633601	94	0.54	0.0263
BU03633700	281	0.32	0.0151
BU03633702	4722	0.439	0.0146
BU03633703	3363	0.401	0.0164
BU03633704	1533	0.39	0.0164
BU03633705	3498	0.428	0.0193
BU03633706	1884	0.412	0.0197
BU03633802	3391	0.371	0.0167
BU03633803	1514	0.399	0.02
BU03633900	1826	0.392	0.0154
BU03633901	1347	0.407	0.0187
BU03633902	1721	0.424	0.0202
BU03633903	2715	0.534	0.019
BU03634000	1530	0.317	0.0175
BU03634001	2728	0.346	0.0197
BU03634002	1606	0.396	0.0198
BU03634100	1648	0.414	0.0207
BU03634101	1941	0.434	0.0207
BU03634102	1193	0.419	0.0213
BU03634103	1116	0.495	0.0278
BU03634200	2581	0.411	0.019
BU03634201	2927	0.431	0.0208
BU03634202	1654	0.394	0.0194
BU03634203	1656	0.388	0.0185
BU03634300	3298	0.323	0.016
BU03634301	2661	0.351	0.0159
BU03634400	1299	0.307	0.0156
BU03634401	3073	0.329	0.0169
BU03634402	2175	0.307	0.0225
BU03634403	1888	0.33	0.0181
BU03634404	1387	0.319	0.0185
BU03634405	284	0.362	0.0172
BU03634500	2072	0.305	0.0165
BU03634501	1309	0.364	0.0156
BU03634600	997	0.312	0.0204
BU03634601	1955	0.322	0.017
BU03634602	1260	0.302	0.0185
BU03634603	NA	NA	NA
BU03634700	1172	0.304	0.0199
BU03634701	646	0.334	0.0216
BU03634702	1461	0.31	0.0188
BU03634703	2310	0.304	0.0196
BU03634704	619	0.336	0.0222
BU03634705	1656	0.314	0.0175
BU03634706	1244	0.383	0.0198
BU03634707	NA	NA	NA
BU03634708	NA	NA	NA
BU03634709	1193	0.282	0.0204
BU03634800	990	0.4	0.0211
BU03634801	1254	0.394	0.019
BU03634802	2079	0.416	0.0231
BU03634803	1733	0.353	0.0173
BU03634804	268	0.389	0.0162
BU03634805	3528	0.326	0.0167
BU03634900	569	0.302	0.0173
BU03634901	930	0.312	0.02
BU03634902	54	0.342	0.0194
BU03634903	1064	0.318	0.0224
BU03634904	1848	0.312	0.0227
BU03634905	2074	0.314	0.0184
BU03635000	NA	NA	NA
BU03635001	NA	NA	NA
BU03635003	NA	NA	NA
BU03635005	NA	NA	NA
BU03635006	NA	NA	NA
BU03635100	84	0.317	0.0499
BU03635101	3343	0.388	0.0265
BU03635102	1216	0.444	0.0278
BU03635200	2511	0.298	0.0161
BU03635201	3696	0.32	0.0152
BU03635202	2703	0.305	0.0192
BU03635203	1998	0.315	0.0183
BU03635206	1284	0.375	0.0206
BU03635207	353	0.238	0.0136
BU03635300	2099	0.357	0.0175
BU03635301	2532	0.349	0.0167
BU03635400	2193	0.364	0.0179
BU03635401	2374	0.331	0.0172
BU03635402	1887	0.328	0.0161
BU03635403	1403	0.438	0.0226
BU03635404	33	0.372	0.0189
BU03635501	1922	0.269	0.0142
BU03635502	705	0.354	0.0169
BU03635503	1656	0.366	0.0187
BU03635504	16	0.365	0.0187
BU03635505	711	0.511	0.0213
BU03635506	1480	0.437	0.0187
BU03635507	2173	0.417	0.0187
BU03635508	449	0.447	0.0176
BU03635600	2012	0.354	0.0168
BU03635601	2268	0.371	0.023
BU03635602	3881	0.372	0.0167
BU03635603	275	0.45	0.0189
BU03635604	NA	NA	NA
BU03635605	1300	0.444	0.018
BU03635606	NA	NA	NA
BU03635607	2377	0.234	0.0133
BU03635608	36	0.458	0.0161
BU03635700	2721	0.508	0.0165
BU03635701	NA	NA	NA
BU03635702	NA	NA	NA
BU03635801	1216	0.243	0.0141
BU03635804	69	0.385	0.0179
BU03635805	37	0.428	0.0231
BU03635806	1213	0.256	0.0163
BU03635807	642	0.315	0.0165
BU03635808	32	0.382	0.0216
BU03635809	551	0.23	0.0168
BU03635900	1000	0.317	0.0179
BU03635901	NA	NA	NA
BU03636000	3712	0.483	0.0155
BU03636001	1900	0.514	0.0165
BU03636002	1986	0.518	0.0179
BU03636100	2116	0.49	0.0153
BU03636101	3373	0.482	0.0185
BU03636102	1039	0.484	0.0153
BU03636103	99	0.395	0.0197
BU03636200	917	0.544	0.0178
BU03636201	1983	0.525	0.0177
BU03636300	1542	0.522	0.0242
BU03636400	112	0.407	0.0204
BU03636401	98	0.411	0.0183
BU03636402	745	0.405	0.0178
BU03636403	238	0.386	0.0211
BU03636404	NA	NA	NA
BU03636500	983	0.569	0.0264
BU03636501	3351	0.541	0.0225
BU03636502	3337	0.535	0.0147
BU03636503	1219	0.459	0.016
BU03636601	306	0.48	0.0159
BU03636602	1122	0.498	0.0175
BU03636603	1916	0.494	0.0134
BU03636604	114	0.54	0.0116
BU03636605	2278	0.55	0.0276
BU03636606	1125	0.509	0.0276
BU03636700	1481	0.481	0.0121
BU03636701	893	0.528	0.0151
BU03636800	526	0.487	0.0189
BU03636801	422	0.456	0.0173
BU03636802	3774	0.534	0.0201
BU03636803	2514	0.54	0.0198
BU03636804	1290	0.546	0.0237
BU03636805	1132	0.532	0.0214
BU03636900	193	0.447	0.0195
BU03636902	1309	0.522	0.0182
BU03636909	885	0.511	0.0207
BU03636910	2285	0.507	0.0189
BU03636911	2040	0.575	0.0327
BU03636912	2177	0.462	0.0178
BU03637000	2688	0.54	0.0173
BU03637001	2858	0.509	0.0178
BU03637002	1963	0.559	0.0152
BU03637003	2670	0.562	0.0161
BU03637004	260	0.429	0.0195
BU03637005	263	0.454	0.0218
BU03637102	411	0.395	0.0148
BU03637104	12	0.46	0.0198
BU03637105	531	0.241	0.0135
BU03637106	34	0.349	0.0169
BU03637107	928	0.388	0.0184
BU03637200	124	0.366	0.016
BU03637201	NA	NA	NA
BU03637202	17	0.379	0.0187
BU03637300	57	0.44	0.0219
BU03637301	336	0.45	0.0247
BU03637302	NA	NA	NA
BU03637303	327	0.463	0.0339
BU03637304	10	0.345	0.0208
BU03637305	229	0.472	0.0338
BU03637306	215	0.474	0.0268
BU03637307	508	0.493	0.0174
BU03637308	16	0.474	0.0157
BU03637309	NA	NA	NA
BU03637400	83	0.427	0.0243
BU03637401	242	0.455	0.0193
BU03637402	1447	0.448	0.019
BU03637500	1782	0.39	0.0195
BU03637501	923	0.364	0.0194
BU03637502	1466	0.421	0.0203
BU03637503	802	0.451	0.0199
BU03637600	4521	0.514	0.0178
BU03637601	2502	0.534	0.0215
BU03637700	2784	0.507	0.0193
BU03637701	2245	0.46	0.017
BU03637702	2794	0.518	0.018
BU03637703	2689	0.566	0.0219
BU03637704	NA	NA	NA
BU03637705	2680	0.53	0.0211
BU03637800	2294	0.536	0.0177
BU03637801	1683	0.538	0.0167
BU03637802	3016	0.505	0.0184
BU03637803	4277	0.547	0.0178
BU03637804	186	0.481	0.0201
BU03637900	26	0.446	0.0175
BU03637901	1917	0.517	0.0204
BU03638000	NA	NA	NA
BU03638001	637	0.492	0.0131
BU03638002	34	0.493	0.014
BU03638100	3889	0.557	0.0199
BU03638101	2513	0.467	0.0195
BU03638102	2207	0.487	0.017
BU03638103	1040	0.52	0.0159
BU03638104	3279	0.457	0.0167
BU03638200	2387	0.55	0.0187
BU03638201	2376	0.527	0.019
BU03638202	2392	0.509	0.0167
BU03638203	4625	0.474	0.0156
BU03638300	4540	0.504	0.0165
BU03638301	81	0.599	0.023
BU03638400	2983	0.535	0.0192
BU03638401	3525	0.501	0.0163
BU03638402	4436	0.484	0.0151
BU03638500	1989	0.457	0.0154
BU03638501	1673	0.466	0.0145
BU03638502	2365	0.508	0.0187
BU03638600	4432	0.492	0.019
BU03638601	2305	0.449	0.0213
BU03638602	918	0.272	0.0147
BU03638603	757	0.327	0.0163
BU03638604	561	0.549	0.0235
BU03638605	501	0.204	0.0142
BU03638700	1984	0.321	0.0207
BU03638701	954	0.389	0.0175
BU03638702	1188	0.412	0.0182
BU03638703	2425	0.411	0.0196
BU03638704	547	0.22	0.0152
BU03638705	10	0.305	0.0223
BU03638800	43	0.398	0.0209
BU03638801	737	0.427	0.0217
BU03638802	135	0.498	0.0188
BU03638803	207	0.422	0.017
BU03638804	2484	0.468	0.0173
BU03638805	2651	0.466	0.0169
BU03638806	943	0.478	0.0196
BU03638807	1812	0.431	0.0179
BU03638808	1650	0.453	0.0189
BU03638809	559	0.468	0.0132
BU03638900	2422	0.482	0.0146
BU03638901	2744	0.429	0.0181
BU03638902	1999	0.506	0.0207
BU03638903	640	0.309	0.0159
BU03639000	3883	0.369	0.0159
BU03639002	2997	0.36	0.015
BU03639003	3322	0.422	0.0146
BU03639004	63	0.456	0.0155
BU03639008	818	0.388	0.0169
BU03639009	NA	NA	NA
BU03639100	607	0.401	0.0192
BU03639101	2794	0.414	0.0187
BU03639102	3314	0.364	0.0147
BU03639103	10	0.396	0.0159
BU03639200	29	0.35	0.0161
BU03639201	93	0.363	0.0183
BU03639202	40	0.347	0.0178
BU03639203	341	0.211	0.016
BU03639204	NA	NA	NA
BU03639205	35	0.483	0.0233
BU03639206	33	0.466	0.0136
BU03639300	4220	0.507	0.0154
BU03639301	2768	0.484	0.0162
BU03639302	1833	0.291	0.0143
BU03639303	2679	0.486	0.0186
BU03639304	1314	0.472	0.016
BU03639305	1240	0.45	0.0209
BU03639306	2274	0.518	0.0217
BU03639307	1864	0.483	0.0213
BU03639308	159	0.443	0.0198
BU03639309	577	0.497	0.0186
BU03639310	NA	NA	NA
BU03639400	1227	0.443	0.0167
BU03639401	2967	0.511	0.0163
BU03639402	1757	0.587	0.0253
BU03639403	2130	0.557	0.0188
BU03639404	747	0.562	0.019
BU03639405	1741	0.519	0.019
BU03639406	649	0.491	0.0216
BU03639407	987	0.531	0.0225
BU03639408	1242	0.536	0.0189
BU03639409	2762	0.51	0.0148
BU03639410	1781	0.56	0.0156
BU03639411	41	0.459	0.0229
BU03639412	1328	0.578	0.0243
BU03639413	2278	0.501	0.023
BU03639500	2513	0.503	0.0147
BU03639501	24	0.508	0.0158
BU03639502	32	0.477	0.0133
BU03639600	2044	0.543	0.022
BU03639601	3155	0.525	0.0219
BU03639602	2051	0.5	0.0177
BU03639603	1615	0.507	0.0184
BU03639604	1226	0.507	0.0219
BU03639605	1913	0.511	0.0219
BU03639606	2057	0.508	0.0162
BU03639700	2347	0.526	0.0178
BU03639701	1268	0.531	0.0264
BU03639702	2758	0.487	0.0164
BU03639703	2756	0.539	0.0194
BU03639800	1122	0.503	0.0103
BU03639801	40	0.448	0.0122
BU03760000	3908	0.421	0.0089
BU03760001	3960	0.469	0.0094
BU03840001	736	0.455	0.0171
BU03840002	939	0.454	0.0165
BU03840003	520	0.483	0.0192
BU03840004	1086	0.505	0.0163
BU03840005	952	0.498	0.0141
BU03840006	694	0.587	0.0167
BU03840007	683	0.516	0.0189
BU03840008	343	0.467	0.0164
BU03840009	394	0.395	0.0147
BU03840010	29	0.53	0.0159
BU03840011	1485	0.273	0.0144
BU03840012	92	0.485	0.0126
BU03840113	243	0.433	0.0129
BU03840114	1187	0.492	0.0136
BU03840115	1562	0.467	0.0122
BU03840116	2091	0.479	0.0164
BU03840117	2018	0.486	0.0165
BU03840118	745	0.262	0.0271
BU03840219	270	0.508	0.015
BU03840220	259	0.559	0.0164
BU03840221	25	0.467	0.0204
BU03840222	1601	0.462	0.0168
BU03840223	2190	0.51	0.0181
BU03840224	1637	0.464	0.0181
BU03840225	NA	NA	NA
BU03920602	264	0.471	0.0204
BU03920603	32	0.428	0.0124
BU03920703	994	0.475	0.0278
BU03920704	1798	0.488	0.0254
BU03920802	917	0.559	0.0336
BU03920901	1505	0.513	0.0222
BU03920902	1480	0.513	0.0198
BU03920903	199	0.489	0.0154
BU03920904	1434	0.558	0.0184
BU03920905	956	0.5	0.0249
BU03920906	NA	NA	NA
BU03921102	1319	0.518	0.024
BU03921401	1760	0.473	0.0274
BU03921402	916	0.482	0.0293
BU03921403	1081	0.458	0.0288
BU03921404	32	0.485	0.0208
BU03921601	155	0.507	0.0201
BU03921602	NA	NA	NA
BU03921603	1866	0.506	0.0281
BU03921605	898	0.5	0.0252
BU03921701	NA	NA	NA
BU03921702	494	0.507	0.0159
BU03921902	NA	NA	NA
BU03921903	1867	0.552	0.0281
BU03921904	986	0.56	0.0216
BU03921905	NA	NA	NA
BU03921906	1956	0.547	0.0252
BU03922004	1210	0.485	0.0226
BU03922007	NA	NA	NA
BU03922101	110	0.607	0.0248
BU03922102	1167	0.581	0.0239
BU03922103	1849	0.531	0.0196
BU03922104	12	0.457	0.0186
BU03922105	1397	0.535	0.0243
BU03922106	1749	0.535	0.0234
BU03922107	NA	NA	NA
BU03930000	1903	0.48	0.0099
BU03930002	129	0.431	0.0143
BU03930003	2017	0.462	0.014
BU03930004	219	0.474	0.0118
BU03930008	102	0.432	0.0169
BU03930009	95	0.517	0.0146
BU03940101	925	0.496	0.0162
BU03940102	2787	0.477	0.0165
BU03940103	2419	0.525	0.0165
BU03940104	3848	0.51	0.0144
BU03940105	2543	0.534	0.0133
BU03940106	2029	0.525	0.0143
BU03940107	1956	0.525	0.0162
BU03940108	3309	0.521	0.0206
BU03940109	3029	0.524	0.0172
BU03940111	3789	0.544	0.0315
BU03940113	5031	0.506	0.0191
BU03940114	6459	0.5	0.0178
BU03940115	363	0.456	0.0209
BU03940118	322	0.437	0.0254
BU03940119	56	0.511	0.0172
BU03940122	250	0.475	0.0139
BU03940123	19	0.47	0.0164
BU03940124	603	0.347	0.0218
BU03940125	50	0.474	0.0192
BU03940126	NA	NA	NA
BU03940343	1653	0.53	0.0141
BU03940344	798	0.54	0.0154
BU03940345	685	0.504	0.0163
BU03940346	874	0.515	0.0156
BU03940347	822	0.5	0.0166
BU03940348	929	0.513	0.0171
BU03940349	387	0.516	0.0118
BU03940350	56	0.48	0.0114
BU03940429	113	0.473	0.0095
BU03940465	585	0.519	0.0129
BU03940466	119	0.536	0.0127
BU03940551	77	0.488	0.0127
BU03940552	2374	0.529	0.0154
BU03940553	917	0.5	0.0214
BU03940554	1192	0.497	0.0139
BU03940556	721	0.494	0.0151
BU03940557	1116	0.451	0.0143
BU03940558	891	0.518	0.0152
BU03940559	933	0.47	0.0197
BU03940560	728	0.47	0.0168
BU03940561	NA	NA	NA
BU03940562	377	0.458	0.0115
BU03940564	362	0.489	0.0125
BU03940674	23	0.403	0.0191
BU03940675	144	0.541	0.0166
BU03940676	410	0.5	0.0134
BU03940677	27	0.533	0.0204
BU03940678	29	0.526	0.0179
BU03940779	1239	0.554	0.024
BU03940780	1021	0.503	0.0241
BU03940781	486	0.496	0.0172
BU03940782	506	0.498	0.0167
BU03940883	264	0.535	0.0165
BU03940884	39	0.518	0.0154
BU03941398	77	0.467	0.0353
BU03941567	1583	0.469	0.0177
BU03941569	1313	0.452	0.0246
BU03941570	339	0.463	0.0121
BU03941571	306	0.509	0.011
BU03941663	55	0.425	0.0135
BU04020101	2714	0.374	0.0131
BU04020102	2366	0.404	0.017
BU04020103	1395	0.423	0.0157
BU04020104	1415	0.379	0.0162
BU04020201	2429	0.392	0.0127
BU04020202	1083	0.337	0.0138
BU04020203	730	0.381	0.0191
BU04020204	959	0.38	0.0147
BU04020205	466	0.339	0.0235
BU04020206	13	0.369	0.0175
BU04020301	72	0.415	0.0146
BU04020302	1066	0.403	0.0189
BU04020303	1314	0.449	0.0187
BU04020304	4788	0.502	0.011
BU04020401	2333	0.405	0.0164
BU04020402	3642	0.459	0.0156
BU04020403	1528	0.37	0.0154
BU04020404	2665	0.397	0.0162
BU04020405	3382	0.444	0.0135
BU04020501	2630	0.398	0.0141
BU04020502	1130	0.415	0.0152
BU04020503	555	0.395	0.0154
BU04020504	192	0.414	0.0343
BU04020505	2818	0.501	0.0167
BU04020506	81	0.517	0.0578
BU04020601	2107	0.42	0.0168
BU04020602	1666	0.448	0.0163
BU04020603	3112	0.434	0.0141
BU04020604	3832	0.498	0.0197
BU04020605	4505	0.446	0.013
BU04020701	1589	0.406	0.0169
BU04020702	1206	0.469	0.0141
BU04020703	5686	0.451	0.0146
BU04020704	NA	NA	NA
BU04020801	3305	0.476	0.0108
BU04020901	20	0.448	0.01
BU04020902	74	0.414	0.0151
BU04020903	54	0.441	0.0141
BU04020904	61	0.395	0.0183
BU04020905	364	0.505	0.0185
BU04020906	11	0.341	0.0142
BU04020907	22	0.399	0.0107
BU04060001	2785	0.458	0.014
BU04060002	2084	0.473	0.0133
BU04060103	1804	0.478	0.0147
BU04060204	170	0.408	0.0159
BU04060205	204	0.408	0.0151
BU04060206	299	0.388	0.0131
BU04060307	63	0.447	0.0164
BU04060308	116	0.406	0.0169
BU04060327	14	0.427	0.0179
BU04060328	NA	NA	NA
BU04060329	NA	NA	NA
BU04060330	85	0.409	0.0204
BU04060409	472	0.441	0.0226
BU04060410	1691	0.446	0.017
BU04060511	563	0.45	0.0225
BU04060512	50	0.428	0.0207
BU04060513	428	0.526	0.0175
BU04060614	2112	0.488	0.0138
BU04060615	1010	0.453	0.0149
BU04060716	2932	0.481	0.0114
BU04060817	2543	0.497	0.0165
BU04060818	2241	0.478	0.0146
BU04060919	2391	0.478	0.0167
BU04061020	1257	0.479	0.0149
BU04061021	424	0.456	0.0198
BU04061123	2764	0.48	0.0186
BU04061124	1159	0.47	0.016
BU04061125	1009	0.482	0.0156
BU04061226	1659	0.477	0.0201
BU04061231	272	0.495	0.0325
BU04150000	1419	0.465	0.0092
BU04150001	2122	0.53	0.0215
BU04150002	1252	0.444	0.0273
BU04150003	2721	0.488	0.0167
BU04150009	164	0.473	0.0201
BU04170000	1137	0.423	0.0149
BU04170001	3599	0.453	0.01
BU04170002	943	0.392	0.0133
BU04170003	803	0.457	0.0161
BU04170004	574	0.389	0.0145
BU04170005	908	0.447	0.0141
BU04170006	495	0.412	0.0161
BU04170007	312	0.401	0.009
BU04310000	5599	0.514	0.0083
BU04310001	183	0.477	0.0104
BU04310002	607	0.538	0.0189
BU04370000	5973	0.443	0.0098
BU04370001	3803	0.455	0.0102
BU04370002	51	0.445	0.0156
BU04370006	296	0.417	0.0091
BU04370007	55	0.457	0.0116
BU04370008	63	0.445	0.0141
BU04370009	103	0.444	0.0111
BU04511500	774	0.489	0.0112
BU04512500	2625	0.523	0.0102
BU04513500	5568	0.517	0.0116
BU04514500	5530	0.48	0.0101
BU04515000	160	0.474	0.0098
BU04515500	74	0.467	0.0109
BU04516500	4574	0.477	0.0105
BU04517500	207	0.48	0.011
BU04518500	2753	0.488	0.0134
BU04519000	238	0.454	0.0134
BU04519500	89	0.46	0.0116
BU04530801	891	0.54	0.0201
BU04530802	1422	0.491	0.0195
BU04530803	1374	0.494	0.0212
BU04530804	1645	0.511	0.0238
BU04530805	1839	0.545	0.021
BU04530806	1545	0.493	0.0191
BU04530807	2080	0.487	0.0202
BU04530808	107	0.512	0.017
BU04530901	168	0.472	0.0162
BU04570001	1791	0.448	0.0118
BU04570002	775	0.435	0.0164
BU04570101	238	0.428	0.0113
BU04570102	500	0.517	0.0154
BU04570103	537	0.51	0.014
BU04570104	540	0.444	0.0154
BU04570201	1578	0.459	0.0156
BU04570202	843	0.514	0.0214
BU04570301	595	0.506	0.0163
BU04570302	1445	0.514	0.0174
BU04570303	1577	0.526	0.0149
BU04570304	11	0.489	0.0143
BU04570401	1309	0.491	0.0169
BU04570402	1417	0.483	0.0196
BU04570701	377	0.422	0.011
BU04570801	418	0.438	0.0089
BU04570901	794	0.406	0.0265
BU04570902	28	0.424	0.0216
BU04570903	35	0.464	0.0153
BU04791110	83	0.521	0.0091
BU04791120	4623	0.544	0.0097
BU04791130	5330	0.504	0.0122
BU04791210	6147	0.595	0.0104
BU04792110	704	0.522	0.0115
BU04792120	97	0.452	0.015
BU04792130	1009	0.466	0.0148
BU04792140	2171	0.455	0.0131
BU04792310	2852	0.45	0.0173
BU04798110	58	0.507	0.0245
BU04798120	1092	0.442	0.032
BU04820103	1156	0.476	0.0264
BU04820104	393	0.446	0.0216
BU04820303	768	0.536	0.0366
BU04820304	521	0.503	0.0263
BU04820305	714	0.54	0.0307
BU04820401	1024	0.56	0.0258
BU04820402	1171	0.527	0.0218
BU04820403	128	0.436	0.0254
BU04820404	453	0.558	0.0295
BU04820501	14	0.421	0.0203
BU04820502	34	0.497	0.0314
BU04820503	34	0.503	0.0213
BU04820602	38	0.43	0.0192
BU04820603	10	0.508	0.0255
BU04820604	15	0.46	0.024
BU04840106	1364	0.525	0.0475
BU04840111	49	0.505	0.027
BU04840201	93	0.437	0.0173
BU04840202	1068	0.498	0.0235
BU04840203	1258	0.504	0.0238
BU04840204	1273	0.503	0.0241
BU04840205	986	0.483	0.0238
BU04840206	995	0.572	0.0228
BU04840207	830	0.523	0.0231
BU04840208	1291	0.548	0.0255
BU04840209	119	0.622	0.0323
BU04840210	1261	0.568	0.0258
BU04840211	1497	0.576	0.0241
BU04840301	1017	0.505	0.023
BU04840302	1765	0.505	0.0185
BU04840303	821	0.508	0.0209
BU04840304	662	0.567	0.0224
BU04840305	1420	0.532	0.0267
BU04840306	2135	0.558	0.018
BU04840307	12	0.567	0.0145
BU04840501	2070	0.52	0.0266
BU04840502	1141	0.492	0.024
BU04840503	600	0.496	0.0276
BU04840504	989	0.476	0.0235
BU04840505	1101	0.489	0.0226
BU04840506	NA	NA	NA
BU04840601	1269	0.488	0.0217
BU04840602	1752	0.491	0.0205
BU04840603	2016	0.485	0.0215
BU04840604	1665	0.475	0.0187
BU04840605	NA	NA	NA
BU04840701	608	0.504	0.0163
BU04840702	59	0.476	0.0171
BU04840810	1318	0.477	0.0389
BU04840811	749	0.477	0.0266
BU04840812	NA	NA	NA
BU04844501	304	0.418	0.0145
BU04844502	57	0.446	0.0129
BU04844503	391	0.483	0.0206
BU04844504	188	0.463	0.0121
BU04847002	181	0.447	0.0212
BU04847003	312	0.474	0.0284
BU04847006	1686	0.489	0.0313
BU04847007	492	0.518	0.0278
BU04847014	574	0.476	0.0216
BU04847015	120	0.476	0.0196
BU04847101	834	0.518	0.0137
BU04847102	479	0.606	0.0295
BU04847103	290	0.516	0.0198
BU05050100	724	0.461	0.0296
BU05050101	678	0.475	0.0293
BU05050102	488	0.453	0.0256
BU05050103	386	0.484	0.0268
BU05050107	415	0.452	0.0323
BU05050108	897	0.471	0.0256
BU05050109	295	0.49	0.0265
BU05050112	440	0.492	0.0295
BU05050113	363	0.462	0.0231
BU05050114	476	0.499	0.0276
BU05050200	1905	0.532	0.0201
BU05050201	416	0.487	0.017
BU05050202	786	0.592	0.0224
BU05050203	683	0.585	0.0211
BU05050204	562	0.482	0.0243
BU05050205	972	0.512	0.0242
BU05050206	833	0.482	0.0217
BU05050305	1465	0.61	0.0526
BU05050307	287	0.501	0.041
BU05050400	1375	0.578	0.0297
BU05050401	704	0.54	0.0271
BU05050402	715	0.554	0.0289
BU05050403	659	0.497	0.0292
BU05050404	361	0.524	0.0258
BU05050405	405	0.471	0.0247
BU05050406	43	0.449	0.024
BU05050500	559	0.49	0.0202
BU05050501	886	0.475	0.0228
BU05050502	742	0.472	0.0269
BU05050503	1049	0.47	0.0286
BU05050504	735	0.475	0.0339
BU05050505	1874	0.539	0.0215
BU05050506	430	0.479	0.0281
BU05050507	1047	0.496	0.0253
BU05050508	833	0.505	0.0286
BU05050509	489	0.462	0.0227
BU05050510	63	0.513	0.0238
BU05050600	168	0.561	0.025
BU05050601	507	0.562	0.0217
BU05050602	489	0.549	0.0209
BU05050603	566	0.545	0.0244
BU05050604	1027	0.546	0.0204
BU05050605	1539	0.588	0.0235
BU05050606	17	0.647	0.019
BU05050607	NA	NA	NA
BU05050608	108	0.569	0.0244
BU05050800	3797	0.56	0.0315
BU05050801	2090	0.547	0.0312
BU05050802	826	0.521	0.0235
BU05050900	1212	0.564	0.0313
BU05050901	3310	0.566	0.0243
BU05050902	1665	0.566	0.0326
BU05050903	920	0.537	0.0445
BU05050904	1236	0.59	0.0301
BU05050905	920	0.546	0.0255
BU05050906	1495	0.547	0.0351
BU05050907	1416	0.563	0.0324
BU05050908	2306	0.529	0.0314
BU05050909	2485	0.534	0.043
BU05051000	NA	NA	NA
BU05051001	171	0.491	0.0269
BU05051002	358	0.446	0.0254
BU05051003	17	0.52	0.024
BU05051004	125	0.561	0.0253
BU05051005	17	0.543	0.0271
BU05051006	4204	0.52	0.0233
BU05051007	3681	0.511	0.0214
BU05051008	NA	NA	NA
BU05051009	26	0.621	0.0307
BU05051010	170	0.502	0.0295
BU05051011	889	0.451	0.0247
BU05051012	35	0.469	0.0244
BU05051013	71	0.5	0.0239
BU05051100	1157	0.534	0.0228
BU05051101	1721	0.521	0.0228
BU05051102	861	0.503	0.0232
BU05051103	787	0.491	0.0232
BU05051104	13	0.424	0.0221
BU05051105	2328	0.542	0.0214
BU05051106	1424	0.52	0.0383
BU05051107	668	0.542	0.0235
BU05051108	689	0.534	0.0233
BU05051109	2587	0.533	0.0251
BU05051110	1364	0.525	0.0247
BU05051111	1441	0.509	0.0201
BU05051112	NA	NA	NA
BU05059800	18	0.516	0.0127
BU05059801	NA	NA	NA
BU05059805	89	0.485	0.0216
BU05120101	1717	0.522	0.017
BU05120102	3028	0.504	0.0125
BU05120200	1499	0.529	0.016
BU05120300	1832	0.557	0.0117
BU05120403	3015	0.564	0.0167
BU05120404	1941	0.54	0.0153
BU05120500	2171	0.537	0.0164
BU05120600	4576	0.565	0.0173
BU05120700	133	0.559	0.0145
BU05120800	56	0.477	0.0158
BU05120900	18	0.498	0.0194
BU05121000	45	0.554	0.0133
BU05121105	1733	0.56	0.0173
BU05121106	2068	0.532	0.0156
BU05121107	1883	0.52	0.0169
BU05121108	533	0.472	0.0157
BU05121200	692	0.522	0.0125
BU05121300	675	0.468	0.0199
BU05121409	14	0.552	0.0151
BU05121410	NA	NA	NA
BU05121411	NA	NA	NA
BU05121500	51	0.503	0.0125
BU05121600	49	0.474	0.018
BU05121700	18	0.557	0.029
BU05121800	66	0.496	0.0173
BU05121900	NA	NA	NA
BU05122000	12	0.399	0.0209
BU05122100	10	0.441	0.0148
BU05130100	1326	0.413	0.0156
BU05130101	1029	0.44	0.017
BU05130102	998	0.415	0.0191
BU05130103	1613	0.447	0.015
BU05130104	1484	0.446	0.0131
BU05130105	NA	NA	NA
BU05130200	5046	0.52	0.0175
BU05130201	1689	0.56	0.0198
BU05130202	221	0.507	0.017
BU05130203	49	0.558	0.0138
BU05130204	402	0.587	0.0185
BU05130300	2318	0.456	0.0131
BU05130301	2213	0.472	0.0185
BU05130302	1299	0.532	0.0174
BU05130303	1408	0.499	0.0149
BU05130304	521	0.501	0.0152
BU05130305	501	0.435	0.0196
BU05130400	2099	0.51	0.016
BU05130401	1534	0.518	0.0181
BU05130402	2467	0.501	0.0171
BU05130403	1381	0.457	0.0185
BU05130404	849	0.437	0.0208
BU05130405	231	0.448	0.0151
BU05130406	608	0.466	0.0145
BU05130407	591	0.456	0.0209
BU05130500	3533	0.444	0.0137
BU05130501	493	0.469	0.0131
BU05130502	1142	0.491	0.0166
BU05130503	879	0.512	0.0154
BU05130504	1132	0.489	0.0191
BU05130509	104	0.391	0.0148
BU05130600	824	0.541	0.021
BU05130601	933	0.52	0.0198
BU05130602	385	0.5	0.0148
BU05130603	2071	0.451	0.0119
BU05130604	3112	0.502	0.0139
BU05130700	1069	0.586	0.0159
BU05130701	2610	0.512	0.0187
BU05130702	2332	0.493	0.0207
BU05130703	655	0.47	0.019
BU05130704	1298	0.483	0.0161
BU05130705	536	0.535	0.0152
BU05130800	251	0.476	0.0139
BU05130809	66	0.479	0.0108
BU05130900	25	0.485	0.021
BU05130901	13	0.552	0.0181
BU05130909	267	0.332	0.0184
BU05230000	3422	0.515	0.0112
BU05230001	4011	0.516	0.0117
BU05230002	3803	0.494	0.0113
BU05230003	2123	0.538	0.0136
BU05310502	41	0.469	0.0272
BU05450001	1765	0.521	0.0134
BU05450002	4738	0.579	0.013
BU05450003	2385	0.512	0.0137
BU05450004	4471	0.531	0.0129
BU05450005	696	0.459	0.0112
BU05450006	834	0.522	0.0143
BU05450007	1163	0.501	0.0131
BU05690000	1226	0.475	0.0141
BU05690001	603	0.498	0.0131
BU05690002	102	0.446	0.031
BU05690003	5346	0.498	0.0245
BU05690004	98	0.485	0.0131
BU05690005	667	0.52	0.0137
BU05690006	543	0.467	0.0108
BU05690008	281	0.45	0.0134
BU05690009	97	0.522	0.0108
BU05690100	1082	0.514	0.0181
BU05690101	1369	0.5	0.0213
BU05690104	234	0.474	0.0125
BU05690108	319	0.465	0.0124
BU05690109	258	0.478	0.0149
BU05690200	1739	0.504	0.0124
BU05690201	50	0.506	0.0221
BU05690202	302	0.55	0.015
BU05690203	136	0.485	0.0184
BU05690208	NA	NA	NA
BU05690209	292	0.488	0.0119
BU05690300	494	0.457	0.0124
BU05690301	590	0.512	0.0172
BU05690302	900	0.487	0.0117
BU05690303	531	0.48	0.0122
BU05690305	3163	0.51	0.0357
BU05690306	1392	0.548	0.0431
BU05690309	60	0.425	0.0142
BU05890101	341	0.474	0.0297
BU05890102	168	0.456	0.014
BU05890201	1889	0.493	0.012
BU05890202	1207	0.489	0.0134
BU05890203	1095	0.568	0.0135
BU05890204	1245	0.516	0.0137
BU05890205	341	0.511	0.0124
BU05890206	NA	NA	NA
BU05890207	NA	NA	NA
BU05890208	96	0.461	0.0139
BU05890209	22	0.432	0.0118
BU05890210	106	0.428	0.0102
BU05890211	195	0.47	0.0113
BU05890212	149	0.465	0.0101
BU05890213	79	0.425	0.0168
BU05890301	112	0.554	0.0294
BU05890302	188	0.467	0.0135
BU05890401	615	0.467	0.0101
BU05900001	7287	0.52	0.0166
BU05900002	2632	0.516	0.0181
BU05900003	4881	0.549	0.0153
BU05900004	2012	0.517	0.018
BU05900005	4607	0.512	0.0142
BU05900006	1036	0.544	0.0172
BU05900007	2668	0.515	0.0168
BU05900008	18	0.474	0.0152
BU06100101	740	0.454	0.0192
BU06100102	29	0.5	0.0172
BU06100103	1337	0.532	0.0203
BU06100104	494	0.618	0.033
BU06100105	278	0.512	0.017
BU06100106	573	0.498	0.0216
BU06100107	533	0.591	0.0186
BU06100108	275	0.5	0.0184
BU06100109	NA	NA	NA
BU06100201	886	0.562	0.0211
BU06100202	658	0.541	0.0193
BU06100203	316	0.532	0.0206
BU06100204	926	0.519	0.0212
BU06100205	NA	NA	NA
BU06100206	181	0.488	0.0175
BU06100207	805	0.538	0.0176
BU06100208	1472	0.531	0.019
BU06100209	956	0.54	0.0198
BU06100210	221	0.503	0.0184
BU06100211	1478	0.49	0.0179
BU06100301	1296	0.553	0.0177
BU06100302	2308	0.553	0.0173
BU06100303	890	0.522	0.0216
BU06100304	340	0.493	0.0169
BU06100305	1576	0.519	0.0169
BU06100306	264	0.547	0.0143
BU06100307	222	0.489	0.0142
BU06100401	34	0.454	0.0154
BU06100402	NA	NA	NA
BU06100403	80	0.549	0.0177
BU06100404	40	0.492	0.0163
BU06100405	NA	NA	NA
BU06100406	NA	NA	NA
BU06200000	1103	0.483	0.0128
BU06200001	2673	0.538	0.015
BU06200002	1911	0.558	0.0121
BU06200003	1234	0.561	0.0285
BU06200004	72	0.51	0.0127
BU06200005	5373	0.544	0.0184
BU06200007	40	0.479	0.0099
BU06200009	176	0.469	0.0131
BU06200100	752	0.502	0.0256
BU06200101	10	0.493	0.0127
BU06200107	238	0.503	0.015
BU06200108	90	0.447	0.0172
BU06200109	50	0.502	0.0185
BU06200200	636	0.507	0.0148
BU06200201	638	0.504	0.0198
BU06200202	119	0.471	0.0189
BU06200209	178	0.494	0.0185
BU06270404	805	0.518	0.0239
BU06270406	25	0.556	0.0264
BU06270407	296	0.426	0.0148
BU06270408	492	0.511	0.0426
BU06320101	2126	0.442	0.0107
BU06320102	3292	0.488	0.0138
BU06320103	235	0.505	0.0139
BU06320104	3109	0.481	0.0123
BU06320105	964	0.477	0.0128
BU06320106	4597	0.5	0.0113
BU06320201	226	0.45	0.0132
BU06320202	4082	0.471	0.0145
BU06320203	2741	0.48	0.0145
BU06320204	72	0.439	0.0109
BU06320301	NA	NA	NA
BU06320302	NA	NA	NA
BU06320303	4217	0.46	0.016
BU06320304	48	0.424	0.0186
BU06320305	1775	0.429	0.0171
BU06320401	230	0.448	0.0106
BU06320402	69	0.485	0.0119
BU06320501	131	0.459	0.0168
BU06320502	85	0.405	0.0158
BU06320503	118	0.461	0.0114
BU06320601	1968	0.468	0.0244
BU06320602	3421	0.47	0.0244
BU06320603	183	0.443	0.014
BU06320604	409	0.438	0.0118
BU06320605	114	0.434	0.0129
BU06320606	155	0.434	0.0159
BU06320701	1875	0.488	0.028
BU06320702	316	0.511	0.0425
BU06320703	669	0.44	0.0094
BU06320801	1303	0.501	0.0254
BU06320802	426	0.475	0.0115
BU06420103	NA	NA	NA
BU06420104	271	0.463	0.0247
BU06420105	NA	NA	NA
BU06420106	NA	NA	NA
BU06680100	659	0.504	0.0368
BU06680101	646	0.514	0.0122
BU06680200	257	0.504	0.0436
BU06680201	159	0.496	0.014
BU06680300	411	0.548	0.0421
BU06680301	266	0.54	0.014
BU06680400	4740	0.538	0.0221
BU06680401	380	0.484	0.0098
BU06680500	1117	0.533	0.0324
BU06680501	566	0.528	0.0143
BU06680600	2017	0.523	0.0299
BU06680601	697	0.508	0.0098
BU06680700	577	0.574	0.039
BU06680701	519	0.552	0.0117
BU06680800	1695	0.516	0.0346
BU06680801	228	0.511	0.0096
BU06890000	2127	0.526	0.0183
BU06890001	191	0.514	0.0207
BU06890002	121	0.504	0.0195
BU06890100	631	0.505	0.0143
BU06890101	240	0.534	0.0142
BU06890200	97	0.532	0.0183
BU06890201	91	0.457	0.0184
BU06890308	84	0.45	0.0164
BU06890309	87	0.491	0.0167
BU06890400	2385	0.546	0.0141
BU06890401	145	0.484	0.0145
BU06890402	155	0.503	0.0183
BU06890500	858	0.527	0.0172
BU06890501	177	0.5	0.0173
BU06890502	95	0.445	0.0135
BU06890509	26	0.465	0.0168
BU06890600	320	0.523	0.0162
BU06890601	90	0.527	0.0158
BU06890602	171	0.498	0.0166
BU06890603	791	0.539	0.0239
BU06890700	1170	0.497	0.012
BU06890701	120	0.464	0.0163
BU06890702	62	0.458	0.0155
BU06890800	973	0.518	0.0128
BU07070100	1428	0.509	0.0287
BU07070101	171	0.46	0.0142
BU07070102	259	0.491	0.0154
BU07070103	201	0.466	0.0099
BU07070200	2159	0.51	0.0191
BU07070201	67	0.487	0.0184
BU07070202	NA	NA	NA
BU07070203	83	0.454	0.0151
BU07070300	99	0.544	0.0503
BU07070301	328	0.495	0.0216
BU07070302	143	0.482	0.0163
BU07070400	2000	0.501	0.0264
BU07070401	312	0.457	0.0117
BU07070402	635	0.479	0.0118
BU07070500	519	0.484	0.0462
BU07070501	230	0.444	0.0162
BU07070600	578	0.469	0.0457
BU07070601	280	0.43	0.0168
BU07070602	94	0.422	0.0151
BU07070603	145	0.523	0.0148
BU07070700	402	0.484	0.0167
BU07070701	146	0.478	0.0176
BU07070702	83	0.471	0.017
BU07070703	105	0.491	0.0163
BU07330000	844	0.513	0.0166
BU07330001	1348	0.563	0.0231
BU07330002	NA	NA	NA
BU07330009	156	0.484	0.0123
BU07330100	459	0.529	0.0235
BU07330101	1182	0.532	0.0231
BU07330102	749	0.528	0.0112
BU07330109	139	0.535	0.0133
BU07330200	1482	0.557	0.0098
BU07330209	189	0.483	0.0136
BU07330300	1770	0.542	0.0118
BU07330309	299	0.493	0.0102
BU07360000	12008	0.486	0.013
BU07360001	390	0.441	0.0113
BU07360003	977	0.502	0.0117
BU07360004	31	0.488	0.0127
BU07360100	365	0.467	0.0113
BU07360101	429	0.465	0.01
BU07360200	1941	0.47	0.0172
BU07360201	1576	0.493	0.0206
BU07360202	397	0.478	0.0168
BU07360203	478	0.47	0.0121
BU07360204	82	0.448	0.0099
BU07360207	1728	0.478	0.0179
BU07360208	673	0.434	0.0104
BU07360209	691	0.468	0.0112
BU07360300	4460	0.471	0.0132
BU07360308	57	0.483	0.0138
BU07360309	443	0.497	0.0107
BU07360400	5134	0.423	0.0152
BU07360401	41	0.387	0.0213
BU07360402	101	0.504	0.0106
BU07360405	786	0.416	0.021
BU07360406	55	0.313	0.0248
BU07360407	146	0.4	0.0201
BU07360409	406	0.41	0.009
BU07380001	605	0.481	0.0245
BU07380100	1891	0.531	0.0175
BU08280001	720	0.556	0.0403
BU08280100	1945	0.584	0.0253
BU08280102	1156	0.614	0.0249
BU08280105	789	0.634	0.0287
BU08280106	662	0.513	0.0227
BU08280400	347	0.551	0.0299
BU08280401	2339	0.584	0.0276
BU08280402	1492	0.526	0.0244
BU08280403	1452	0.528	0.0275
BU08280404	432	0.521	0.0281
BU08280500	124	0.559	0.0228
BU08280501	NA	NA	NA
BU08280502	NA	NA	NA
BU08280503	NA	NA	NA
BU08280706	1390	0.573	0.031
BU08280707	1098	0.547	0.0289
BU08280708	895	0.54	0.0312
BU08280709	955	0.535	0.0271
BU08280806	31	0.489	0.0199
BU08280807	22	0.455	0.0204
BU08280808	44	0.478	0.0244
BU08281000	3406	0.594	0.0237
BU08281007	211	0.542	0.0214
BU08281009	129	0.563	0.0255
BU08281100	551	0.549	0.0189
BU08281108	NA	NA	NA
BU08281109	NA	NA	NA
BU08281200	509	0.572	0.0207
BU08281208	12	0.539	0.015
BU08281209	61	0.46	0.0188
BU08281300	1210	0.56	0.0158
BU08281308	34	0.45	0.0193
BU08281309	NA	NA	NA
BU08281400	1229	0.567	0.0193
BU08281401	616	0.567	0.0261
BU08281402	640	0.549	0.0267
BU08281403	260	0.5	0.0226
BU08281409	39	0.508	0.023
BU08281500	1888	0.563	0.0351
BU08281600	359	0.544	0.0264
BU08281601	174	0.496	0.0219
BU08281609	46	0.439	0.0265
BU08281700	495	0.53	0.0232
BU08281701	167	0.538	0.0197
BU08281702	143	0.569	0.0175
BU08281703	57	0.56	0.0176
BU08281709	39	0.485	0.0185
BU08281800	2220	0.55	0.0148
BU08281809	84	0.484	0.0209
BU08281900	581	0.508	0.0204
BU08281901	125	0.534	0.0488
BU08281908	128	0.476	0.0203
BU08281909	63	0.517	0.0276
BU08282000	596	0.584	0.0462
BU08282009	311	0.531	0.0181
BU08282100	542	0.572	0.0264
BU08282101	181	0.538	0.0197
BU08282102	164	0.574	0.0187
BU08282109	136	0.502	0.022
BU08520300	2001	0.489	0.0226
BU08520301	240	0.471	0.0312
BU08520302	104	0.485	0.0411
BU08520500	335	0.499	0.0258
BU08700101	1021	0.523	0.0211
BU08700102	905	0.523	0.0248
BU08700103	1446	0.551	0.0255
BU08700104	3099	0.538	0.0198
BU08700105	1083	0.494	0.0194
BU08700106	279	0.479	0.0169
BU08700191	118	0.503	0.016
BU08700192	111	0.5	0.0151
BU08700193	57	0.483	0.017
BU08700194	111	0.515	0.0261
BU08700195	29	0.568	0.0583
BU08700201	3982	0.501	0.0205
BU08700202	49	0.461	0.0311
BU08700291	226	0.495	0.0138
BU08700292	75	0.393	0.0166
BU08700301	2702	0.527	0.0241
BU08700302	26	0.518	0.0297
BU08700392	36	0.491	0.0196
BU08740000	511	0.539	0.0223
BU08740001	2667	0.542	0.022
BU08740002	323	0.491	0.0144
BU08740009	54	0.47	0.0114
BU08740100	2172	0.498	0.0282
BU08740107	121	0.484	0.0297
BU08740108	329	0.47	0.0152
BU08740200	1267	0.533	0.0212
BU08740209	84	0.51	0.0173
BU08740300	1049	0.534	0.0199
BU08740309	130	0.508	0.02
BU08740400	1750	0.572	0.0246
BU08740409	136	0.501	0.0142
BU08740500	218	0.514	0.0303
BU08740501	155	0.487	0.0331
BU08740509	128	0.502	0.0186
BU09957669	76	0.351	0.0267
BU09957777	NA	NA	NA
BU09957779	32	0.369	0.024
BU15810000	2641	0.452	0.0256
BU15810001	571	0.446	0.0109
BU15810002	1365	0.462	0.0216
BU15810003	1055	0.494	0.0185
BU15810004	1510	0.522	0.0327
BU15810007	68	0.472	0.0163
BU15810008	506	0.524	0.0185
BU15810009	203	0.441	0.0125
BU15810101	39	0.494	0.0091
BU15810102	204	0.432	0.0092
BU15810103	1649	0.435	0.0144
BU15810104	281	0.447	0.0097
BU15810105	1317	0.434	0.0138
BU15810106	2640	0.442	0.0178
BU15810107	2065	0.464	0.0127
BU15810108	3823	0.471	0.0149
BU15810109	2281	0.442	0.0177
BU15810110	139	0.425	0.0124
BU15810200	5137	0.472	0.0188
BU15810201	65	0.446	0.0184
BU15810207	234	0.468	0.0129
BU15810208	419	0.466	0.0183
BU15810209	174	0.451	0.0126
BU15810300	4057	0.518	0.0108
BU15810302	1048	0.513	0.0075
BU15810308	49	0.472	0.0087
BU15810309	185	0.493	0.0092
BU15810400	3368	0.448	0.0246
BU15810402	667	0.473	0.0213
BU15810403	100	0.49	0.0155
BU15810408	334	0.45	0.009
BU15810409	146	0.46	0.0132
BU16960000	1035	0.458	0.0104
BU16960100	338	0.474	0.0135
BU16960101	4783	0.46	0.0129
BU16960102	135	0.461	0.0177
BU16960103	70	0.479	0.0153
BU16960200	222	0.469	0.0148
BU16960201	841	0.47	0.0149
BU16960202	108	0.462	0.0161
BU16960300	1644	0.475	0.0137
BU16960400	4747	0.472	0.0123
BU16960401	123	0.466	0.0273
BU16960402	241	0.493	0.0268
BU16960500	170	0.454	0.0166
BU16960601	1055	0.483	0.015
BU16960602	1057	0.461	0.0164
BU16960603	610	0.44	0.0159
BU16960604	1371	0.479	0.0114
BU17340102	716	0.525	0.0466
BU17340104	168	0.466	0.0172
BU17340105	47	0.437	0.0179
BU17340106	92	0.488	0.0269
BU17340107	242	0.518	0.0236
BU17340200	2181	0.532	0.0211
BU17340201	1416	0.546	0.0233
BU17340202	2351	0.541	0.0323
BU17340206	32	0.489	0.0184
BU17340207	657	0.511	0.0199
BU17340208	175	0.508	0.0189
BU17340210	218	0.534	0.0196
BU17340400	106	0.558	0.0241
BU17340409	49	0.509	0.0203
BU17400000	3202	0.563	0.02
BU17400001	3950	0.534	0.0119
BU17400006	240	0.503	0.0152
BU17400007	477	0.475	0.0124
BU17400008	428	0.47	0.0102
BU17400009	90	0.507	0.0122
BU17400100	3104	0.574	0.0267
BU17400101	409	0.556	0.033
BU17400102	542	0.576	0.021
BU17400103	115	0.568	0.0346
BU17400106	54	0.51	0.0188
BU17400107	352	0.532	0.0103
BU17400108	152	0.535	0.0122
BU17400109	480	0.547	0.0119
BU17400200	2493	0.614	0.0236
BU17400201	123	0.521	0.0426
BU17400208	245	0.553	0.0156
BU17400209	436	0.532	0.0108
BU18840207	55	0.439	0.0164
BU18840300	912	0.537	0.0156
BU18840309	23	0.414	0.0214
BU18840400	876	0.498	0.0139
BU18840402	123	0.479	0.0171
BU18840404	84	0.525	0.0171
BU18840405	1085	0.519	0.0289
BU18840407	45	0.501	0.0167
BU18840408	1276	0.514	0.0194
BU18840409	12	0.489	0.0181
BU18920301	1290	0.536	0.0246
BU18920302	603	0.542	0.0217
BU18920303	1331	0.536	0.0303
BU18920304	1787	0.533	0.0346
BU18920305	269	0.583	0.04
BU18920306	243	0.538	0.0349
BU18920307	293	0.514	0.0262
BU18920308	18	0.459	0.0628
BU18920309	119	0.568	0.0551
BU18920310	NA	NA	NA
BU19010101	306	0.494	0.0158
BU19010102	73	0.496	0.0188
BU19010103	3673	0.515	0.0172
BU19010104	221	0.496	0.0146
BU19010205	2155	0.478	0.0152
BU19010306	241	0.479	0.0171
BU19010307	38	0.45	0.0153
BU19010308	95	0.461	0.0162
BU19010309	2031	0.487	0.0182
BU19010310	4305	0.495	0.0176
BU19010311	NA	NA	NA
BU19010312	526	0.437	0.0151
BU19010413	301	0.456	0.0126
BU19010514	1037	0.495	0.011
BU19010615	67	0.422	0.0241
BU19010616	157	0.453	0.026
BU19010617	209	0.447	0.0216
BU19010618	106	0.471	0.0267
BU19010619	24	0.478	0.0209
BU19010620	138	0.45	0.0208
BU19010621	832	0.459	0.0191
BU19010722	2327	0.477	0.0171
BU19010723	415	0.403	0.015
BU19010724	3024	0.461	0.0138
BU19010725	285	0.465	0.0162
BU19010726	149	0.412	0.0151
BU19010727	96	0.465	0.0205
BU19010728	74	0.46	0.0157
BU19010729	42	0.471	0.0234
BU19010730	86	0.436	0.0143
BU19010831	1071	0.473	0.0218
BU19010832	68	0.474	0.0156
BU19010833	110	0.465	0.0172
BU19010834	93	0.458	0.0169
BU19010935	976	0.483	0.0185
BU19010936	183	0.422	0.0144
BU19010937	110	0.415	0.011
BU19040101	487	0.457	0.0104
BU19040102	129	0.47	0.0119
BU19040103	144	0.432	0.0128
BU19040104	1010	0.399	0.0196
BU19040105	2603	0.455	0.0138
BU19040106	1352	0.508	0.0144
BU19040107	94	0.516	0.0155
BU19040108	624	0.446	0.0164
BU19040109	780	0.519	0.0183
BU19040110	683	0.447	0.0137
BU19040111	429	0.455	0.0146
BU19040112	1403	0.543	0.0164
BU19040113	456	0.43	0.0159
BU19040114	NA	NA	NA
BU19040115	795	0.501	0.0174
BU19040116	575	0.422	0.0201
BU19040117	377	0.481	0.0222
BU19040118	294	0.427	0.0157
BU19040119	NA	NA	NA
BU19040201	118	0.435	0.0131
BU19040202	227	0.434	0.0135
BU19040203	82	0.45	0.0163
BU19040204	20	0.458	0.0139
BU19040205	44	0.47	0.0169
BU19040206	114	0.441	0.0171
BU19040207	2957	0.469	0.0156
BU19040208	41	0.451	0.0208
BU19040209	280	0.237	0.017
BU19040210	NA	NA	NA
BU19040211	398	0.489	0.0176
BU19040212	1581	0.451	0.0261
BU19040213	826	0.483	0.0201
BU19040214	NA	NA	NA
BU19040215	1669	0.48	0.0165
BU19040216	65	0.464	0.0351
BU19040301	97	0.426	0.0183
BU19040302	32	0.439	0.017
BU19040303	75	0.41	0.0153
BU19040304	NA	NA	NA
BU19040305	NA	NA	NA
BU19040306	77	0.435	0.0163
BU19040307	1328	0.498	0.0249
BU19040308	804	0.488	0.0266
BU19040309	182	0.412	0.019
BU19040310	284	0.436	0.0247
BU19040311	363	0.395	0.037
BU19040312	105	0.42	0.0349
BU19040401	173	0.417	0.0153
BU19040402	316	0.467	0.0454
BU19040501	213	0.457	0.0178
BU19040502	152	0.437	0.0173
BU19040503	119	0.426	0.0172
BU19040504	56	0.462	0.0136
BU19040505	1055	0.473	0.0201
BU19040506	72	0.495	0.0362
BU19040507	390	0.471	0.0257
BU19040508	432	0.449	0.0261
BU19040509	NA	NA	NA
BU19040601	170	0.436	0.0136
BU19040602	95	0.422	0.0158
BU19040603	1062	0.462	0.0329
BU19040604	28	0.416	0.0243
BU19040701	746	0.489	0.0128
BU19040702	125	0.451	0.0145
BU19040703	526	0.463	0.016
BU19040801	108	0.427	0.0143
BU19040802	41	0.447	0.0174
BU19040803	NA	NA	NA
BU19040804	937	0.459	0.0205
BU19040805	68	0.453	0.022
BU19040901	77	0.446	0.0148
BU19040902	16	0.488	0.026
BU19040903	38	0.383	0.0168
BU19040904	57	0.445	0.0173
BU19040905	193	0.482	0.0245
BU19040906	NA	NA	NA
BU19040907	NA	NA	NA
BU19041001	39	0.471	0.015
BU19041002	101	0.494	0.021
BU19041003	254	0.452	0.0211
BU19041004	NA	NA	NA
BU19041101	453	0.446	0.0203
BU19041201	38	0.371	0.0114
BU19041202	16	0.576	0.0274
BU19041203	1823	0.507	0.0358
BU19041204	1342	0.509	0.0458
BU19041205	1639	0.497	0.0207
BU19041206	2088	0.518	0.0243
BU19041207	1618	0.502	0.0224
BU19041208	1760	0.518	0.0291
BU19041209	1326	0.556	0.0473
BU19041210	1407	0.527	0.0229
BU19041211	872	0.512	0.0213
BU19041212	1110	0.534	0.0206
BU19041213	1208	0.496	0.0482
BU19041214	877	0.526	0.0245
BU19041215	828	0.513	0.0226
BU19270000	654	0.483	0.0165
BU19270002	2121	0.561	0.0326
BU19270003	2635	0.559	0.0301
BU19270009	648	0.509	0.0146
BU19270100	1620	0.501	0.0421
BU19270109	428	0.472	0.0135
BU19270200	202	0.471	0.0179
BU19270201	485	0.542	0.0366
BU19270202	264	0.493	0.0181
BU19270300	415	0.534	0.025
BU19270309	251	0.485	0.0168
BU19270400	444	0.543	0.0344
BU19270409	359	0.482	0.0149
BU19270500	346	0.524	0.0198
BU19270501	331	0.495	0.0163
BU19270600	1113	0.5	0.0433
BU19270609	478	0.459	0.014
BU19270700	506	0.517	0.0133
BU19270800	2460	0.53	0.0153
BU19270801	239	0.485	0.0139
BU19270802	285	0.449	0.0142
BU19270803	139	0.473	0.0188
BU19270900	897	0.535	0.0161
BU19270901	72	0.496	0.0366
BU19270909	279	0.49	0.0164
BU19271000	1159	0.537	0.0143
BU19271100	1339	0.549	0.0305
BU19271109	516	0.476	0.0119
BU19310000	966	0.547	0.0294
BU19310002	479	0.518	0.0159
BU19310003	188	0.508	0.0265
BU19310004	1095	0.557	0.0249
BU19310005	416	0.548	0.0205
BU19310006	919	0.571	0.0237
BU19310007	551	0.561	0.0248
BU19310008	582	0.583	0.0288
BU19310009	586	0.55	0.0213
BU19310010	25	0.48	0.0217
BU19310011	67	0.498	0.0169
BU19310209	139	0.502	0.0176
BU19310300	1981	0.533	0.0115
BU19310400	896	0.526	0.0187
BU19310401	68	0.492	0.0213
BU19310402	2501	0.548	0.0183
BU19310403	311	0.505	0.0138
BU19310404	88	0.468	0.0144
BU19310409	112	0.465	0.0129
BU19310500	969	0.514	0.0154
BU19310501	119	0.515	0.0145
BU19310502	54	0.48	0.0166
BU19310503	127	0.533	0.0144
BU19310504	59	0.491	0.0139
BU19310600	1298	0.549	0.0141
BU19310700	1010	0.523	0.0148
BU19310701	177	0.498	0.0171
BU19310800	520	0.481	0.0155
BU19310801	177	0.467	0.0159
BU19310802	68	0.42	0.0135
BU19310803	70	0.476	0.0153
BU19310804	76	0.485	0.0119
BU19310805	319	0.541	0.0219
BU19310806	441	0.527	0.0218
BU19310807	895	0.53	0.0308
BU19310808	122	0.378	0.0133
BU19310809	69	0.437	0.0134
BU19310810	507	0.516	0.0262
BU19311000	2881	0.539	0.0176
BU19311001	167	0.457	0.019
BU19311002	198	0.531	0.0177
BU19311003	165	0.471	0.0187
BU19311004	40	0.469	0.0155
BU19311005	255	0.508	0.0167
BU19311006	71	0.49	0.0164
BU19311007	112	0.472	0.0153
BU19311008	38	0.458	0.0171
BU19311100	376	0.535	0.0115
BU19311101	107	0.444	0.0112
BU19311200	2928	0.491	0.0152
BU19311201	1706	0.529	0.018
BU19311202	3040	0.507	0.0317
BU19311203	58	0.445	0.0146
BU19311204	1577	0.497	0.013
BU19311205	197	0.485	0.0148
BU19420000	1247	0.377	0.0144
BU19420001	1174	0.388	0.0161
BU19420002	1028	0.394	0.0157
BU19420003	818	0.377	0.0169
BU19420004	905	0.413	0.018
BU19420005	850	0.443	0.0195
BU19420006	668	0.437	0.0184
BU19420007	904	0.441	0.0165
BU19420008	718	0.386	0.0153
BU19420100	555	0.361	0.0179
BU19420101	380	0.419	0.0195
BU19420102	794	0.364	0.0171
BU19420103	361	0.336	0.0178
BU19420104	660	0.38	0.015
BU19420200	NA	NA	NA
BU19420201	838	0.353	0.0186
BU19420202	679	0.436	0.0231
BU19420203	496	0.359	0.02
BU19420204	955	0.381	0.0183
BU19420205	1350	0.421	0.0182
BU19420206	1925	0.42	0.016
BU19420207	1318	0.47	0.0159
BU19420208	1174	0.473	0.0168
BU19420209	1652	0.464	0.0145
BU19420300	668	0.364	0.0156
BU19420301	228	0.384	0.0151
BU19420302	902	0.364	0.0126
BU19420303	476	0.362	0.0164
BU19420304	927	0.418	0.0195
BU19420305	406	0.383	0.0154
BU19420306	102	0.37	0.0154
BU19420400	945	0.471	0.0151
BU19420401	825	0.558	0.0248
BU19420402	1221	0.465	0.0157
BU19420403	621	0.493	0.0231
BU19420404	996	0.488	0.0216
BU19420408	69	0.569	0.0112
BU19420409	NA	NA	NA
BU19420410	142	0.468	0.0104
BU19420501	1200	0.422	0.0157
BU19420502	2852	0.474	0.0151
BU19420503	342	0.415	0.0272
BU19420504	17	0.42	0.0216
BU19420506	480	0.349	0.0146
BU19420507	950	0.389	0.0134
BU19420508	1775	0.394	0.0127
BU19420509	1193	0.412	0.0135
BU19420510	1543	0.342	0.0124
BU19420511	182	0.394	0.0151
BU19420512	392	0.418	0.0115
BU19420513	49	0.453	0.0104
BU19420515	88	0.388	0.0126
BU19420555	15	0.483	0.0299
BU19420565	775	0.464	0.0225
BU19420575	286	0.43	0.0176
BU19420585	735	0.426	0.0207
